,start_times,end_times,det_probs
0,0.0015,0.0341,0.142
1,0.0015,0.0193,0.164
2,0.0015,0.0156,0.04
3,0.0015,0.0117,0.082
4,0.0065,0.0292,0.182
5,0.0125,0.0546,0.066
6,0.0135,0.0248,0.188
7,0.0135,0.0577,0.13
8,0.0145,0.0255,0.091
9,0.0165,0.0258,0.063
10,0.0235,0.0476,0.117
11,0.0345,0.045,0.033
12,0.0375,0.0507,0.035
13,0.0395,0.0825,0.04
14,0.0525,0.0603,0.049
15,0.0635,0.0971,0.032
16,0.0645,0.0829,0.114
17,0.0645,0.1116,0.081
18,0.0645,0.0816,0.184
19,0.1265,0.1391,0.131
20,0.1275,0.1449,0.053
21,0.1515,0.1619,0.055
22,0.1525,0.162,0.033
23,0.1555,0.1907,0.03
24,0.1755,0.19,0.069
25,0.1965,0.2032,0.045
26,0.2095,0.2277,0.031
27,0.2125,0.2205,0.03
28,0.2215,0.2592,0.063
29,0.2215,0.2545,0.047
30,0.2215,0.234,0.095
31,0.2225,0.2342,0.05
32,0.2555,0.2957,0.032
33,0.2755,0.2814,0.099
34,0.2965,0.3293,0.035
35,0.3665,0.3993,0.031
36,0.3815,0.4242,0.032
37,0.3825,0.3919,0.03
38,0.4015,0.4103,0.068
39,0.4035,0.4365,0.036
40,0.4365,0.4516,0.106
41,0.4375,0.4743,0.063
42,0.4375,0.4654,0.051
43,0.4385,0.4537,0.117
44,0.4565,0.494,0.031
45,0.4585,0.4937,0.031
46,0.4595,0.4676,0.033
47,0.4665,0.507,0.036
48,0.5065,0.5157,0.034
49,0.5075,0.5413,0.036
50,0.5085,0.5153,0.039
51,0.5095,0.5502,0.039
52,0.5475,0.5903,0.041
53,0.5515,0.5871,0.036
54,0.6035,0.644,0.03
55,0.6045,0.6124,0.03
56,0.6475,0.6816,0.031
57,0.6525,0.6625,0.053
58,0.6525,0.6614,0.048
59,0.6635,0.6988,0.031
60,0.6805,0.7227,0.03
61,0.6865,0.6944,0.032
62,0.6885,0.7304,0.031
63,0.6915,0.6984,0.063
64,0.6925,0.7258,0.036
65,0.7335,0.746,0.043
66,0.7355,0.7709,0.062
67,0.7365,0.7447,0.034
68,0.7785,0.8102,0.03
69,0.8195,0.83,0.079
70,0.8255,0.8657,0.033
71,0.8265,0.836,0.031
72,0.8445,0.8791,0.033
73,0.8465,0.8611,0.104
74,0.8475,0.8829,0.04
75,0.8495,0.8626,0.081
76,0.8505,0.8875,0.034
77,0.8715,0.8811,0.036
78,0.8725,0.878,0.054
79,0.8725,0.9097,0.039
80,0.8755,0.9074,0.031
81,0.8995,0.9072,0.039
82,0.9185,0.9288,0.037
83,0.9495,0.9615,0.089
84,0.9555,0.9927,0.039
85,0.9585,0.9768,0.235
86,0.9595,0.9981,0.059
87,0.9705,0.9771,0.039
88,0.9715,1.0051,0.045
89,0.9715,1.0062,0.036
90,0.9715,0.9803,0.031
91,1.0115,1.0425,0.031
92,1.0145,1.0214,0.051
93,1.0205,1.0342,0.043
94,1.0305,1.0435,0.037
95,1.0435,1.0766,0.031
96,1.0585,1.0687,0.037
97,1.0685,1.0804,0.036
98,1.0925,1.1305,0.036
99,1.0935,1.1255,0.033
100,1.1385,1.172,0.037
101,1.1445,1.1572,0.25
102,1.1485,1.1586,0.041
103,1.1515,1.1605,0.042
104,1.2005,1.2327,0.031
105,1.2005,1.2088,0.057
106,1.2035,1.215,0.065
107,1.2055,1.2153,0.054
108,1.2305,1.2619,0.035
109,1.2315,1.2694,0.032
110,1.2505,1.2646,0.04
111,1.2515,1.2643,0.104
112,1.2515,1.2916,0.042
113,1.2615,1.2728,0.048
114,1.2625,1.2739,0.161
115,1.2645,1.3075,0.042
116,1.2675,1.3022,0.036
117,1.3205,1.3298,0.033
118,1.3375,1.3534,0.062
119,1.3395,1.3752,0.04
120,1.3425,1.3545,0.046
121,1.3485,1.3824,0.036
122,1.3515,1.36,0.041
123,1.3525,1.3585,0.031
124,1.3695,1.4087,0.04
125,1.3855,1.3955,0.031
126,1.3915,1.4001,0.032
127,1.3915,1.3975,0.031
128,1.3935,1.4259,0.031
129,1.3945,1.4253,0.033
130,1.4055,1.4423,0.032
131,1.4085,1.4145,0.041
132,1.4155,1.4478,0.034
133,1.4215,1.4412,0.112
134,1.4245,1.4424,0.164
135,1.4635,1.4971,0.031
136,1.4885,1.5227,0.043
137,1.4925,1.5033,0.064
138,1.4945,1.5034,0.031
139,1.5135,1.5512,0.037
140,1.5715,1.582,0.031
141,1.5845,1.5951,0.034
142,1.5885,1.5961,0.043
143,1.5905,1.6294,0.032
144,1.5925,1.6003,0.036
145,1.5935,1.6262,0.031
146,1.6205,1.6334,0.031
147,1.6235,1.6574,0.03
148,1.6335,1.6686,0.035
149,1.6365,1.6512,0.045
150,1.6375,1.6501,0.112
151,1.6445,1.6855,0.036
152,1.6485,1.6563,0.032
153,1.6795,1.6962,0.304
154,1.6805,1.7049,0.234
155,1.6805,1.691,0.046
156,1.6805,1.7223,0.156
157,1.6805,1.7312,0.07
158,1.6845,1.71,0.399
159,1.6885,1.7005,0.05
160,1.6905,1.7032,0.059
161,1.6955,1.7304,0.093
162,1.6965,1.7105,0.085
163,1.6985,1.7143,0.068
164,1.7025,1.7104,0.097
165,1.7055,1.7244,0.096
166,1.7055,1.7124,0.083
167,1.7065,1.7181,0.045
168,1.7075,1.749,0.107
169,1.7105,1.7464,0.05
170,1.7155,1.759,0.119
171,1.7195,1.7654,0.038
172,1.7205,1.7336,0.107
173,1.7205,1.7339,0.115
174,1.7205,1.7356,0.059
175,1.7325,1.7437,0.035
176,1.7405,1.752,0.058
177,1.7445,1.7854,0.04
178,1.7515,1.7905,0.042
179,1.7665,1.7733,0.058
180,1.7705,1.8096,0.042
181,1.7725,1.7874,0.036
182,1.7725,1.8081,0.037
183,1.7875,1.8075,0.179
184,1.7885,1.8177,0.065
185,1.7895,1.8101,0.097
186,1.7905,1.8213,0.033
187,1.8025,1.8376,0.039
188,1.8485,1.884,0.046
189,1.8485,1.8801,0.047
190,1.8685,1.9067,0.033
191,1.8795,1.8902,0.032
192,1.8885,1.9206,0.041
193,1.8885,1.8977,0.042
194,1.8915,1.9036,0.034
195,1.9495,1.987,0.045
196,1.9515,1.9859,0.072
197,1.9525,1.9684,0.139
198,1.9535,1.9672,0.062
199,1.9925,2.0067,0.035
200,2.0025,2.0102,0.046
201,2.0035,2.0396,0.038
202,2.0075,2.041,0.037
203,2.0115,2.0502,0.031
204,2.0485,2.056,0.031
205,2.0555,2.0652,0.037
206,2.1225,2.1616,0.06
207,2.1225,2.1286,0.056
208,2.1235,2.1324,0.039
209,2.1245,2.1573,0.041
210,2.1355,2.1706,0.032
211,2.1365,2.1438,0.051
212,2.1535,2.1642,0.03
213,2.1575,2.197,0.031
214,2.1895,2.2006,0.035
215,2.1935,2.2276,0.033
216,2.1945,2.2048,0.042
217,2.2175,2.2244,0.031
218,2.2555,2.2982,0.03
219,2.2605,2.2682,0.031
220,2.2975,2.3045,0.033
221,2.2985,2.3337,0.03
222,2.3165,2.326,0.035
223,2.3185,2.3574,0.033
224,2.3325,2.3466,0.035
225,2.3345,2.3443,0.056
226,2.3365,2.368,0.034
227,2.3375,2.3746,0.04
228,2.3625,2.3717,0.034
229,2.3635,2.3979,0.048
230,2.3695,2.3799,0.037
231,2.3695,2.4023,0.045
232,2.3725,2.4021,0.055
233,2.3775,2.3887,0.03
234,2.4015,2.4318,0.03
235,2.4385,2.4798,0.035
236,2.4615,2.4732,0.054
237,2.4775,2.4917,0.03
238,2.5045,2.544,0.03
239,2.5245,2.5535,0.035
240,2.5315,2.5699,0.034
241,2.5405,2.5497,0.04
242,2.5425,2.5801,0.055
243,2.5805,2.6143,0.04
244,2.5865,2.5951,0.03
245,2.6005,2.6327,0.032
246,2.6105,2.6442,0.031
247,2.6125,2.6223,0.035
248,2.6415,2.6529,0.037
249,2.6465,2.6783,0.032
250,2.6715,2.7092,0.042
251,2.6715,2.6815,0.037
252,2.6725,2.71,0.052
253,2.6835,2.6957,0.034
254,2.6845,2.7161,0.044
255,2.6855,2.6959,0.108
256,2.7035,2.712,0.055
257,2.7115,2.7448,0.04
258,2.7125,2.7525,0.04
259,2.7225,2.7329,0.073
260,2.7435,2.7501,0.046
261,2.7865,2.7957,0.035
262,2.8235,2.8344,0.039
263,2.8265,2.8344,0.032
264,2.9245,2.935,0.037
265,2.9335,2.9639,0.032
266,2.9505,2.988,0.035
267,2.9925,3.0297,0.045
268,2.9945,3.0303,0.051
269,3.0165,3.0282,0.031
270,3.0195,3.06,0.042
271,3.0195,3.0537,0.033
272,3.0415,3.0837,0.037
273,3.0465,3.0835,0.054
274,3.0835,3.095,0.036
275,3.0855,3.1188,0.031
276,3.0905,3.1325,0.042
277,3.1505,3.1832,0.052
278,3.1505,3.1911,0.061
279,3.1525,3.1611,0.033
280,3.1725,3.2089,0.033
281,3.1735,3.1862,0.07
282,3.1745,3.2068,0.034
283,3.1755,3.1866,0.034
284,3.1865,3.2005,0.039
285,3.1885,3.2228,0.038
286,3.1955,3.2038,0.031
287,3.1955,3.2064,0.036
288,3.1955,3.229,0.032
289,3.2145,3.2553,0.031
290,3.2885,3.2962,0.052
291,3.2925,3.2985,0.042
292,3.3355,3.3687,0.033
293,3.3595,3.3932,0.032
294,3.4315,3.449,0.114
295,3.4325,3.4485,0.073
296,3.4375,3.4692,0.032
297,3.4435,3.4796,0.032
298,3.4445,3.4502,0.047
299,3.4505,3.4808,0.031
300,3.4735,3.4788,0.063
301,3.5085,3.5433,0.03
302,3.5135,3.5277,0.146
303,3.5145,3.5265,0.092
304,3.5165,3.5562,0.033
305,3.5285,3.5632,0.03
306,3.5565,3.5719,0.113
307,3.5585,3.5908,0.031
308,3.5615,3.5742,0.04
309,3.5665,3.5994,0.034
310,3.6005,3.6082,0.041
311,3.6015,3.6095,0.042
312,3.6175,3.6269,0.067
313,3.6195,3.6556,0.031
314,3.6275,3.6615,0.032
315,3.6645,3.7026,0.057
316,3.6665,3.6801,0.386
317,3.6665,3.6806,0.039
318,3.6675,3.688,0.235
319,3.6685,3.721,0.035
320,3.6715,3.6977,0.504
321,3.6755,3.6861,0.065
322,3.6785,3.6905,0.053
323,3.6815,3.7155,0.075
324,3.6825,3.6926,0.042
325,3.6825,3.6945,0.117
326,3.6845,3.6972,0.053
327,3.6855,3.6999,0.088
328,3.6905,3.6986,0.096
329,3.6905,3.7036,0.118
330,3.6915,3.7289,0.14
331,3.6915,3.6991,0.067
332,3.6925,3.7041,0.109
333,3.6975,3.7319,0.042
334,3.7025,3.7442,0.103
335,3.7045,3.7143,0.078
336,3.7055,3.7207,0.043
337,3.7065,3.7158,0.107
338,3.7075,3.7221,0.146
339,3.7125,3.7339,0.039
340,3.7165,3.7465,0.034
341,3.7295,3.7413,0.056
342,3.7325,3.7679,0.039
343,3.7325,3.7738,0.046
344,3.7365,3.76,0.037
345,3.7365,3.7452,0.043
346,3.7385,3.7555,0.032
347,3.7475,3.7868,0.03
348,3.7525,3.7618,0.054
349,3.7555,3.7885,0.036
350,3.7645,3.7975,0.031
351,3.7685,3.7862,0.126
352,3.7685,3.7827,0.132
353,3.7715,3.8053,0.031
354,3.7715,3.8053,0.03
355,3.7905,3.7991,0.035
356,3.8155,3.8577,0.035
357,3.8205,3.8317,0.034
358,3.8405,3.8476,0.041
359,3.8545,3.8657,0.033
360,3.8565,3.9033,0.055
361,3.8605,3.8697,0.037
362,3.8635,3.8956,0.034
363,3.9175,3.9342,0.083
364,3.9195,3.9572,0.047
365,3.9195,3.9348,0.22
366,3.9365,3.9493,0.039
367,3.9435,3.9899,0.074
368,3.9735,4.0093,0.045
369,3.9805,3.9893,0.037
370,3.9875,4.0164,0.045
371,3.9875,4.003,0.234
372,3.9875,4.0262,0.053
373,3.9905,4.0033,0.304
374,4.0325,4.0442,0.031
375,4.0525,4.0876,0.038
376,4.0535,4.0676,0.031
377,4.0545,4.0878,0.031
378,4.0555,4.0641,0.034
379,4.0605,4.0939,0.032
380,4.0655,4.0718,0.08
381,4.1085,4.1185,0.039
382,4.1205,4.1534,0.038
383,4.1205,4.1512,0.035
384,4.1605,4.1993,0.041
385,4.1615,4.1688,0.079
386,4.1615,4.167,0.064
387,4.1625,4.1974,0.044
388,4.1885,4.2227,0.039
389,4.1925,4.2003,0.035
390,4.2095,4.2476,0.031
391,4.2105,4.2197,0.03
392,4.2335,4.2494,0.123
393,4.2335,4.273,0.041
394,4.2355,4.2722,0.03
395,4.2375,4.2499,0.123
396,4.2465,4.2547,0.037
397,4.2745,4.2818,0.039
398,4.2765,4.2832,0.037
399,4.2775,4.3175,0.043
400,4.2775,4.3095,0.055
401,4.2985,4.3067,0.036
402,4.3005,4.3341,0.038
403,4.3225,4.3299,0.045
404,4.3275,4.3578,0.03
405,4.3365,4.3458,0.031
406,4.3475,4.391,0.04
407,4.3505,4.3873,0.042
408,4.3645,4.3734,0.038
409,4.3695,4.4024,0.034
410,4.4065,4.4382,0.033
411,4.4165,4.4616,0.044
412,4.4185,4.4536,0.036
413,4.4565,4.4905,0.033
414,4.4595,4.4669,0.03
415,4.4705,4.5046,0.03
416,4.4995,4.509,0.038
417,4.5645,4.6075,0.043
418,4.5715,4.5805,0.031
419,4.5935,4.6311,0.033
420,4.6095,4.6187,0.052
421,4.6855,4.6919,0.035
422,4.7065,4.7465,0.031
423,4.7205,4.7282,0.031
424,4.7215,4.7285,0.032
425,4.7255,4.7682,0.033
426,4.7275,4.7599,0.03
427,4.7495,4.7925,0.041
428,4.7505,4.7844,0.036
429,4.7725,4.8041,0.03
430,4.8235,4.8532,0.035
431,4.8405,4.8549,0.076
432,4.8415,4.88,0.047
433,4.8415,4.8552,0.053
434,4.9105,4.9498,0.043
435,4.9105,4.9187,0.058
436,4.9115,4.9444,0.05
437,4.9595,4.9715,0.036
438,5.0125,5.0509,0.032
439,5.0195,5.0538,0.044
440,5.0255,5.0352,0.034
441,5.0525,5.0842,0.038
442,5.0965,5.1059,0.032
443,5.1275,5.1373,0.03
444,5.1295,5.1626,0.045
445,5.1295,5.1368,0.074
446,5.1315,5.172,0.034
447,5.1445,5.1565,0.048
448,5.1715,5.2034,0.034
449,5.1885,5.2206,0.033
450,5.1945,5.2352,0.033
451,5.2075,5.2226,0.054
452,5.2495,5.2835,0.039
453,5.2555,5.2664,0.046
454,5.2555,5.2652,0.122
455,5.2925,5.3246,0.034
456,5.3235,5.3308,0.037
457,5.3335,5.3658,0.034
458,5.3625,5.4056,0.033
459,5.3625,5.3967,0.033
460,5.4185,5.4275,0.034
461,5.4335,5.464,0.031
462,5.4515,5.4625,0.056
463,5.4535,5.4857,0.037
464,5.4565,5.4971,0.033
465,5.4805,5.5186,0.062
466,5.4825,5.5182,0.037
467,5.4835,5.5011,0.205
468,5.4835,5.5001,0.211
469,5.5195,5.5611,0.031
470,5.5305,5.5615,0.03
471,5.5365,5.5438,0.032
472,5.5605,5.5939,0.093
473,5.5605,5.5758,0.231
474,5.5605,5.5758,0.343
475,5.5605,5.5968,0.063
476,5.5615,5.5881,0.06
477,5.5825,5.62,0.03
478,5.5885,5.6198,0.03
479,5.6045,5.6118,0.037
480,5.6255,5.6402,0.077
481,5.6295,5.6414,0.046
482,5.6335,5.6651,0.032
483,5.6515,5.6917,0.032
484,5.7145,5.7501,0.043
485,5.7155,5.7307,0.101
486,5.7175,5.7328,0.068
487,5.7195,5.7568,0.067
488,5.7405,5.7485,0.03
489,5.7465,5.7567,0.031
490,5.7595,5.7677,0.031
491,5.7705,5.7863,0.114
492,5.8075,5.8152,0.033
493,5.8135,5.8207,0.036
494,5.8155,5.8479,0.037
495,5.8575,5.9005,0.09
496,5.8605,5.9065,0.041
497,5.8605,5.8764,0.362
498,5.8605,5.8713,0.106
499,5.8615,5.8824,0.177
500,5.8655,5.8928,0.168
501,5.8675,5.8811,0.054
502,5.8695,5.8827,0.067
503,5.8725,5.9056,0.112
504,5.8735,5.8817,0.047
505,5.8755,5.8847,0.08
506,5.8795,5.8937,0.07
507,5.8805,5.8995,0.057
508,5.8845,5.8962,0.068
509,5.8865,5.8932,0.078
510,5.8875,5.9018,0.115
511,5.8895,5.9277,0.181
512,5.8925,5.9305,0.039
513,5.8965,5.9067,0.046
514,5.8975,5.9403,0.037
515,5.8985,5.9089,0.161
516,5.8995,5.913,0.09
517,5.9005,5.9146,0.107
518,5.9035,5.9268,0.035
519,5.9065,5.9411,0.034
520,5.9145,5.9245,0.043
521,5.9145,5.934,0.04
522,5.9185,5.9285,0.037
523,5.9275,5.964,0.045
524,5.9275,5.9683,0.041
525,5.9345,5.9584,0.053
526,5.9355,5.9452,0.039
527,5.9495,5.9563,0.056
528,5.9555,5.9961,0.043
529,5.9575,5.9674,0.09
530,5.9575,5.9933,0.049
531,5.9585,5.9799,0.037
532,5.9585,5.9654,0.058
533,6.0205,6.0275,0.031
534,6.0245,6.0348,0.035
535,6.0245,6.036,0.13
536,6.0285,6.0695,0.033
537,6.0305,6.0635,0.047
538,6.0345,6.0435,0.032
539,6.0365,6.0739,0.034
540,6.0395,6.0457,0.03
541,6.0565,6.0637,0.08
542,6.0575,6.0626,0.069
543,6.0575,6.0628,0.036
544,6.0585,6.0916,0.042
545,6.0595,6.0933,0.034
546,6.1555,6.1631,0.053
547,6.1555,6.2026,0.054
548,6.1565,6.1957,0.059
549,6.1575,6.1655,0.038
550,6.1785,6.1862,0.031
551,6.1855,6.2228,0.033
552,6.1885,6.2212,0.031
553,6.2135,6.2219,0.03
554,6.2245,6.2614,0.032
555,6.2365,6.247,0.041
556,6.2545,6.2664,0.034
557,6.2555,6.2886,0.042
558,6.2575,6.2661,0.037
559,6.2615,6.2935,0.037
560,6.3085,6.3506,0.033
561,6.3085,6.3425,0.032
562,6.3695,6.3841,0.035
563,6.3725,6.3854,0.072
564,6.3735,6.4087,0.042
565,6.3945,6.4047,0.032
566,6.3985,6.4066,0.031
567,6.3995,6.4432,0.043
568,6.4235,6.4325,0.04
569,6.4375,6.4807,0.032
570,6.4435,6.4558,0.031
571,6.4475,6.4803,0.044
572,6.4475,6.4598,0.086
573,6.4495,6.486,0.043
574,6.4515,6.4605,0.033
575,6.4535,6.4607,0.031
576,6.4815,6.4884,0.031
577,6.4985,6.5307,0.034
578,6.5015,6.5116,0.031
579,6.5125,6.5244,0.03
580,6.5195,6.5514,0.034
581,6.5265,6.542,0.049
582,6.5405,6.5594,0.072
583,6.5665,6.6005,0.03
584,6.6055,6.6374,0.032
585,6.6275,6.6589,0.038
586,6.6505,6.6818,0.033
587,6.6515,6.6896,0.033
588,6.6545,6.6615,0.042
589,6.6905,6.6974,0.048
590,6.7305,6.7741,0.052
591,6.7345,6.741,0.067
592,6.7365,6.7694,0.034
593,6.7445,6.7529,0.03
594,6.7615,6.7822,0.074
595,6.7675,6.8008,0.041
596,6.7685,6.7803,0.038
597,6.7715,6.7827,0.049
598,6.7885,6.8271,0.031
599,6.8285,6.8343,0.054
600,6.8295,6.8614,0.031
601,6.8345,6.8403,0.042
602,6.8435,6.8526,0.035
603,6.8455,6.8766,0.034
604,6.8725,6.903,0.037
605,6.8725,6.909,0.039
606,6.9415,6.9574,0.136
607,6.9445,6.9778,0.036
608,6.9735,6.9848,0.137
609,6.9735,6.9836,0.051
610,6.9755,7.0154,0.031
611,6.9945,7.0266,0.031
612,7.0155,7.0258,0.035
613,7.0165,7.0226,0.048
614,7.0175,7.0544,0.032
615,7.0385,7.0532,0.072
616,7.0395,7.0729,0.045
617,7.0415,7.0576,0.068
618,7.0905,7.1005,0.042
619,7.1005,7.1358,0.031
620,7.1005,7.1381,0.033
621,7.1075,7.1386,0.031
622,7.1105,7.1303,0.041
623,7.1115,7.145,0.037
624,7.1125,7.1284,0.129
625,7.1165,7.1542,0.031
626,7.1445,7.1527,0.035
627,7.1555,7.1638,0.031
628,7.1565,7.1987,0.036
629,7.1595,7.1945,0.03
630,7.1895,7.2047,0.082
631,7.1915,7.2068,0.367
632,7.1915,7.2341,0.179
633,7.1925,7.2138,0.323
634,7.1925,7.241,0.067
635,7.1945,7.227,0.352
636,7.1985,7.2113,0.085
637,7.1995,7.2143,0.078
638,7.2035,7.2354,0.124
639,7.2035,7.2146,0.125
640,7.2065,7.2187,0.065
641,7.2075,7.2223,0.075
642,7.2095,7.2395,0.111
643,7.2095,7.2257,0.05
644,7.2145,7.2258,0.152
645,7.2165,7.2297,0.034
646,7.2165,7.2534,0.182
647,7.2165,7.2291,0.102
648,7.2245,7.237,0.153
649,7.2265,7.2394,0.132
650,7.2265,7.2615,0.054
651,7.2295,7.2426,0.092
652,7.2335,7.2588,0.131
653,7.2445,7.2517,0.032
654,7.2445,7.2514,0.031
655,7.2575,7.2886,0.03
656,7.2595,7.2998,0.031
657,7.2645,7.2849,0.054
658,7.2645,7.2754,0.053
659,7.2715,7.2801,0.038
660,7.2855,7.3186,0.031
661,7.2895,7.3007,0.072
662,7.2895,7.3278,0.031
663,7.2925,7.3262,0.036
664,7.3245,7.3588,0.03
665,7.3265,7.3453,0.146
666,7.3315,7.3628,0.033
667,7.3325,7.3702,0.031
668,7.3365,7.3662,0.033
669,7.3385,7.3497,0.191
670,7.3425,7.3803,0.03
671,7.3425,7.3742,0.033
672,7.3845,7.3925,0.034
673,7.4205,7.4372,0.233
674,7.4215,7.4542,0.039
675,7.4215,7.435,0.123
676,7.4215,7.4597,0.031
677,7.5055,7.5174,0.055
678,7.5065,7.5155,0.125
679,7.5075,7.5503,0.049
680,7.5085,7.5449,0.065
681,7.5235,7.5403,0.047
682,7.5285,7.5623,0.035
683,7.5305,7.5669,0.039
684,7.5925,7.6065,0.08
685,7.5935,7.6269,0.033
686,7.5945,7.6014,0.046
687,7.5955,7.6309,0.03
688,7.6045,7.6147,0.041
689,7.6285,7.6663,0.03
690,7.6335,7.6486,0.184
691,7.6355,7.6696,0.043
692,7.6375,7.6482,0.099
693,7.6375,7.677,0.048
694,7.6625,7.6689,0.042
695,7.6975,7.7083,0.038
696,7.7025,7.7144,0.037
697,7.7055,7.7386,0.046
698,7.7065,7.7481,0.044
699,7.7235,7.7537,0.031
700,7.7305,7.761,0.034
701,7.7435,7.7517,0.031
702,7.7495,7.7598,0.033
703,7.7515,7.7715,0.032
704,7.7835,7.7919,0.045
705,7.7835,7.8231,0.039
706,7.7865,7.7993,0.099
707,7.7975,7.8364,0.032
708,7.8035,7.8422,0.031
709,7.8165,7.8283,0.061
710,7.8205,7.858,0.053
711,7.8205,7.8321,0.057
712,7.8225,7.8561,0.074
713,7.8295,7.8453,0.091
714,7.8295,7.8444,0.082
715,7.8395,7.8728,0.034
716,7.8395,7.8759,0.03
717,7.8855,7.8927,0.039
718,7.8955,7.9275,0.032
719,7.8955,7.9033,0.032
720,7.8965,7.9379,0.036
721,7.9245,7.9569,0.03
722,7.9555,7.9863,0.03
723,7.9655,8.0028,0.038
724,7.9665,7.9746,0.05
725,7.9735,7.9816,0.034
726,7.9825,7.989,0.042
727,7.9835,7.9914,0.03
728,7.9845,8.017,0.032
729,7.9965,8.0352,0.038
730,8.0355,8.0734,0.031
731,8.0365,8.0707,0.046
732,8.0915,8.1255,0.034
733,8.1245,8.166,0.035
734,8.1705,8.1886,0.044
735,8.1835,8.2258,0.037
736,8.1865,8.1972,0.032
737,8.1985,8.229,0.031
738,8.2125,8.2457,0.037
739,8.2135,8.221,0.036
740,8.2155,8.2222,0.037
741,8.2475,8.2876,0.042
742,8.2615,8.2723,0.03
743,8.2685,8.2758,0.033
744,8.2725,8.3063,0.045
745,8.2805,8.3134,0.04
746,8.2815,8.2922,0.037
747,8.2835,8.2972,0.045
748,8.2895,8.2975,0.03
749,8.3175,8.3589,0.033
750,8.3185,8.3506,0.031
751,8.3655,8.3746,0.042
752,8.4055,8.4361,0.033
753,8.4125,8.4185,0.078
754,8.4125,8.4183,0.046
755,8.4175,8.4486,0.035
756,8.4195,8.4569,0.03
757,8.4345,8.4443,0.036
758,8.4565,8.4699,0.043
759,8.4575,8.4728,0.071
760,8.4695,8.5077,0.03
761,8.4835,8.4959,0.07
762,8.4845,8.5171,0.035
763,8.4855,8.5253,0.03
764,8.5095,8.5418,0.033
765,8.5325,8.5731,0.035
766,8.5515,8.5648,0.087
767,8.5515,8.5848,0.031
768,8.5525,8.5844,0.033
769,8.5525,8.5615,0.039
770,8.5695,8.6091,0.031
771,8.5865,8.5973,0.033
772,8.6055,8.6373,0.033
773,8.6115,8.6204,0.047
774,8.6115,8.6485,0.03
775,8.6295,8.6398,0.043
776,8.6325,8.6642,0.032
777,8.6335,8.6411,0.04
778,8.6555,8.686,0.032
779,8.6815,8.721,0.03
780,8.6875,8.7284,0.031
781,8.7015,8.7145,0.047
782,8.7075,8.7462,0.035
783,8.7095,8.7424,0.03
784,8.7135,8.7203,0.033
785,8.7395,8.7794,0.038
786,8.7415,8.7734,0.036
787,8.8045,8.8366,0.034
788,8.8465,8.8543,0.036
789,8.8685,8.8799,0.031
790,8.8785,8.8883,0.037
791,8.8805,8.8877,0.038
792,8.8875,8.8949,0.03
793,8.8945,8.927,0.03
794,8.9095,8.9182,0.033
795,8.9185,8.9498,0.034
796,8.9285,8.9618,0.033
797,8.9305,8.942,0.031
798,8.9315,8.9717,0.033
799,8.9455,8.9535,0.031
800,8.9745,9.0087,0.031
801,8.9775,8.9891,0.036
802,8.9895,9.0195,0.03
803,9.0005,9.0341,0.033
804,9.0055,9.0371,0.052
805,9.0065,9.0442,0.044
806,9.0075,9.0221,0.064
807,9.0095,9.0249,0.056
808,9.0595,9.0922,0.034
809,9.0755,9.0857,0.033
810,9.0855,9.1185,0.036
811,9.1225,9.1623,0.103
812,9.1245,9.1422,0.298
813,9.1245,9.1383,0.109
814,9.1255,9.1733,0.043
815,9.1265,9.1483,0.232
816,9.1285,9.1578,0.348
817,9.1335,9.1475,0.034
818,9.1355,9.1496,0.05
819,9.1355,9.1495,0.051
820,9.1375,9.1722,0.174
821,9.1415,9.1564,0.064
822,9.1435,9.1604,0.041
823,9.1455,9.1577,0.073
824,9.1475,9.1837,0.156
825,9.1475,9.1566,0.06
826,9.1495,9.1614,0.122
827,9.1515,9.1885,0.036
828,9.1585,9.2001,0.16
829,9.1595,9.1749,0.099
830,9.1595,9.2003,0.053
831,9.1595,9.1724,0.105
832,9.1615,9.1731,0.047
833,9.1625,9.1785,0.107
834,9.1735,9.1844,0.03
835,9.2075,9.2166,0.051
836,9.2245,9.2364,0.04
837,9.2405,9.2468,0.049
838,9.2425,9.2495,0.031
839,9.2595,9.2682,0.032
840,9.2875,9.3253,0.035
841,9.3035,9.3411,0.03
842,9.3045,9.338,0.033
843,9.3115,9.3258,0.067
844,9.3175,9.3274,0.034
845,9.3365,9.3426,0.055
846,9.3375,9.3737,0.042
847,9.3375,9.3468,0.033
848,9.3505,9.3806,0.03
849,9.3935,9.4244,0.031
850,9.4155,9.4545,0.03
851,9.4175,9.4521,0.036
852,9.4175,9.4232,0.042
853,9.4175,9.4241,0.049
854,9.4725,9.5121,0.038
855,9.4735,9.5045,0.035
856,9.4895,9.5007,0.037
857,9.4915,9.502,0.064
858,9.4935,9.5337,0.03
859,9.4935,9.5275,0.039
860,9.5235,9.5674,0.047
861,9.5235,9.5325,0.036
862,9.5235,9.5574,0.03
863,9.5385,9.5483,0.03
864,9.5565,9.5661,0.045
865,9.5595,9.5672,0.046
866,9.5855,9.6189,0.032
867,9.6385,9.6469,0.032
868,9.6415,9.6782,0.039
869,9.6455,9.6781,0.034
870,9.6465,9.6585,0.039
871,9.6605,9.6941,0.03
872,9.6715,9.6796,0.03
873,9.6725,9.7128,0.032
874,9.6775,9.7093,0.033
875,9.7045,9.7144,0.035
876,9.7305,9.7399,0.032
877,9.7445,9.7531,0.03
878,9.7605,9.7722,0.034
879,9.7765,9.8068,0.031
880,9.7985,9.8417,0.032
881,9.7995,9.8079,0.033
882,9.8115,9.8427,0.031
883,9.8175,9.8476,0.033
884,9.8285,9.8364,0.153
885,9.8365,9.8679,0.03
886,9.8405,9.8472,0.032
887,9.8425,9.8747,0.03
888,9.8615,9.8749,0.086
889,9.8625,9.9046,0.033
890,9.8905,9.9013,0.031
891,9.8945,9.9021,0.03
892,9.9565,9.9977,0.043
893,9.9565,9.9906,0.044
894,9.9645,9.9722,0.031
895,9.9795,10.0187,0.037
896,9.9985,10.0051,0.047
897,9.9995,10.038,0.045
898,10.0315,10.0409,0.035
899,10.0325,10.0655,0.033
900,10.0595,10.0709,0.043
901,10.0605,10.0918,0.033
902,10.0635,10.1034,0.031
903,10.0695,10.079,0.045
904,10.0715,10.0788,0.042
905,10.1165,10.1308,0.081
906,10.1185,10.1536,0.039
907,10.1275,10.1593,0.039
908,10.1805,10.2139,0.042
909,10.1815,10.2235,0.04
910,10.1845,10.1989,0.114
911,10.1855,10.1955,0.038
912,10.1975,10.2095,0.035
913,10.2225,10.2709,0.162
914,10.2245,10.2734,0.073
915,10.2245,10.2356,0.122
916,10.2245,10.243,0.318
917,10.2245,10.2481,0.274
918,10.2275,10.2581,0.122
919,10.2355,10.2797,0.135
920,10.2375,10.2561,0.062
921,10.2405,10.257,0.065
922,10.2415,10.2572,0.067
923,10.2435,10.2577,0.11
924,10.2435,10.2507,0.046
925,10.2455,10.2566,0.056
926,10.2485,10.2846,0.054
927,10.2515,10.262,0.065
928,10.2525,10.2943,0.104
929,10.2535,10.2668,0.073
930,10.2545,10.2646,0.037
931,10.2545,10.2957,0.052
932,10.2845,10.298,0.047
933,10.2995,10.3337,0.037
934,10.3285,10.341,0.052
935,10.3325,10.3428,0.051
936,10.3345,10.3675,0.037
937,10.3345,10.3718,0.042
938,10.3495,10.3855,0.034
939,10.3515,10.3614,0.053
940,10.3525,10.3601,0.032
941,10.3555,10.3878,0.036
942,10.3915,10.4327,0.033
943,10.4065,10.4479,0.046
944,10.4085,10.4221,0.093
945,10.4185,10.4274,0.032
946,10.4465,10.4574,0.033
947,10.4735,10.484,0.03
948,10.5045,10.5101,0.033
949,10.5045,10.544,0.061
950,10.5055,10.5381,0.056
951,10.5195,10.53,0.055
952,10.5195,10.5328,0.092
953,10.5245,10.557,0.037
954,10.5855,10.5959,0.031
955,10.5995,10.6313,0.037
956,10.6225,10.6528,0.034
957,10.6335,10.6707,0.039
958,10.6345,10.6507,0.182
959,10.6355,10.6515,0.217
960,10.6365,10.6709,0.07
961,10.6725,10.7048,0.037
962,10.6815,10.6926,0.032
963,10.6895,10.7016,0.039
964,10.6945,10.7268,0.04
965,10.6955,10.7098,0.042
966,10.6985,10.7334,0.043
967,10.7325,10.7424,0.041
968,10.7375,10.7813,0.039
969,10.7885,10.8278,0.032
970,10.7895,10.7957,0.032
971,10.8115,10.8364,0.154
972,10.8225,10.8584,0.048
973,10.8225,10.8374,0.119
974,10.8235,10.8652,0.043
975,10.8435,10.8544,0.032
976,10.8475,10.8543,0.03
977,10.8535,10.886,0.03
978,10.8715,10.9056,0.031
979,10.8795,10.8899,0.033
980,10.8995,10.9332,0.04
981,10.8995,10.934,0.033
982,10.9005,10.9106,0.05
983,10.9005,10.909,0.1
984,10.9315,10.9427,0.039
985,10.9395,10.978,0.04
986,10.9555,10.9951,0.03
987,11.0055,11.0129,0.036
988,11.0235,11.0337,0.056
989,11.0235,11.0301,0.033
990,11.0255,11.0687,0.052
991,11.0265,11.0595,0.037
992,11.0365,11.0428,0.04
993,11.0515,11.0581,0.03
994,11.0875,11.0979,0.056
995,11.0915,11.1258,0.039
996,11.0915,11.104,0.139
997,11.0995,11.1372,0.047
998,11.1165,11.1502,0.03
999,11.1165,11.1269,0.062
1000,11.1515,11.1948,0.034
1001,11.1565,11.1885,0.033
1002,11.1695,11.1766,0.031
1003,11.1725,11.2063,0.034
1004,11.1975,11.2065,0.049
1005,11.1985,11.2326,0.036
1006,11.2065,11.2151,0.032
1007,11.2275,11.2577,0.035
1008,11.2285,11.2395,0.032
1009,11.2405,11.2495,0.033
1010,11.2595,11.2928,0.036
1011,11.2655,11.2734,0.03
1012,11.2745,11.3033,0.034
1013,11.2795,11.3108,0.034
1014,11.3165,11.3591,0.034
1015,11.3285,11.3678,0.035
1016,11.3395,11.3482,0.031
1017,11.3495,11.3813,0.032
1018,11.3755,11.4183,0.203
1019,11.3765,11.3913,0.067
1020,11.3765,11.4208,0.083
1021,11.3765,11.3946,0.261
1022,11.3775,11.4024,0.211
1023,11.3815,11.4059,0.226
1024,11.3825,11.4164,0.148
1025,11.3865,11.404,0.069
1026,11.3935,11.4002,0.049
1027,11.3945,11.4077,0.121
1028,11.3965,11.4073,0.069
1029,11.3975,11.4367,0.076
1030,11.3985,11.431,0.085
1031,11.4005,11.4136,0.043
1032,11.4085,11.4181,0.038
1033,11.4225,11.4345,0.038
1034,11.4345,11.4751,0.032
1035,11.4405,11.4541,0.138
1036,11.4545,11.4885,0.03
1037,11.4565,11.495,0.034
1038,11.4725,11.5097,0.03
1039,11.4755,11.4817,0.032
1040,11.4855,11.5165,0.037
1041,11.4855,11.5248,0.032
1042,11.4955,11.503,0.038
1043,11.5135,11.5213,0.03
1044,11.5195,11.5522,0.03
1045,11.5425,11.5847,0.077
1046,11.5425,11.548,0.033
1047,11.5425,11.5787,0.075
1048,11.5435,11.5523,0.05
1049,11.5735,11.6074,0.046
1050,11.5845,11.6149,0.033
1051,11.5845,11.5906,0.047
1052,11.5875,11.5943,0.043
1053,11.5955,11.6286,0.032
1054,11.6385,11.6557,0.181
1055,11.6415,11.6533,0.303
1056,11.6435,11.6785,0.041
1057,11.6745,11.6834,0.039
1058,11.6765,11.6829,0.034
1059,11.6815,11.6906,0.03
1060,11.6845,11.7307,0.094
1061,11.6855,11.7203,0.059
1062,11.7105,11.7165,0.032
1063,11.7115,11.7497,0.064
1064,11.7125,11.7305,0.063
1065,11.7145,11.73,0.046
1066,11.7165,11.7457,0.044
1067,11.7535,11.7931,0.035
1068,11.7535,11.7596,0.03
1069,11.7535,11.7606,0.042
1070,11.7595,11.7915,0.032
1071,11.7625,11.7813,0.042
1072,11.7905,11.803,0.031
1073,11.7925,11.8041,0.15
1074,11.7945,11.8303,0.051
1075,11.7955,11.8352,0.038
1076,11.8155,11.826,0.03
1077,11.8275,11.8679,0.034
1078,11.8515,11.8582,0.054
1079,11.8805,11.9175,0.047
1080,11.8815,11.8898,0.045
1081,11.8815,11.9186,0.034
1082,11.8825,11.8902,0.049
1083,11.8895,11.8992,0.034
1084,11.9015,11.9331,0.034
1085,11.9045,11.9432,0.031
1086,11.9075,11.9157,0.032
1087,11.9195,11.9527,0.042
1088,11.9245,11.9354,0.037
1089,11.9565,11.9962,0.038
1090,11.9575,11.9894,0.03
1091,11.9745,11.9828,0.03
1092,11.9755,11.9883,0.034
1093,11.9935,12.0016,0.036
1094,11.9975,12.0308,0.032
1095,12.0365,12.0604,0.305
1096,12.0365,12.051,0.225
1097,12.0375,12.0535,0.05
1098,12.0375,12.0838,0.067
1099,12.0385,12.0633,0.211
1100,12.0385,12.0835,0.164
1101,12.0455,12.0596,0.03
1102,12.0475,12.0536,0.031
1103,12.0715,12.1127,0.034
1104,12.0715,12.0786,0.034
1105,12.0725,12.0835,0.031
1106,12.0765,12.1077,0.033
1107,12.1015,12.146,0.039
1108,12.1215,12.1318,0.033
1109,12.1285,12.1617,0.036
1110,12.1375,12.1683,0.03
1111,12.1405,12.1517,0.042
1112,12.1425,12.1574,0.047
1113,12.1635,12.1739,0.031
1114,12.1695,12.2069,0.031
1115,12.1905,12.1997,0.032
1116,12.2135,12.2481,0.038
1117,12.2295,12.2401,0.054
1118,12.2295,12.2381,0.074
1119,12.2305,12.2705,0.03
1120,12.2325,12.2662,0.042
1121,12.2685,12.3091,0.03
1122,12.2685,12.2786,0.037
1123,12.2885,12.3309,0.049
1124,12.2885,12.295,0.039
1125,12.2895,12.297,0.045
1126,12.2935,12.3251,0.043
1127,12.3055,12.3197,0.084
1128,12.3085,12.3215,0.13
1129,12.3085,12.3445,0.053
1130,12.3085,12.3382,0.041
1131,12.3165,12.346,0.033
1132,12.3175,12.3246,0.032
1133,12.3295,12.3411,0.04
1134,12.3725,12.3863,0.059
1135,12.3835,12.4175,0.036
1136,12.3845,12.4277,0.045
1137,12.3885,12.3958,0.038
1138,12.3985,12.4056,0.039
1139,12.3995,12.409,0.03
1140,12.4225,12.4321,0.038
1141,12.4345,12.465,0.031
1142,12.4555,12.4865,0.03
1143,12.4685,12.4764,0.044
1144,12.4965,12.5069,0.084
1145,12.4975,12.5346,0.041
1146,12.4975,12.5326,0.061
1147,12.4995,12.5105,0.145
1148,12.5365,12.5705,0.042
1149,12.5365,12.5811,0.037
1150,12.5415,12.5527,0.05
1151,12.5495,12.5613,0.077
1152,12.5515,12.5611,0.044
1153,12.5575,12.5886,0.031
1154,12.5695,12.6081,0.03
1155,12.5745,12.5817,0.042
1156,12.5905,12.5976,0.034
1157,12.5955,12.6379,0.309
1158,12.5955,12.6112,0.227
1159,12.5965,12.6198,0.044
1160,12.5965,12.6405,0.065
1161,12.5975,12.62,0.179
1162,12.5975,12.619,0.032
1163,12.6005,12.6218,0.099
1164,12.6045,12.6139,0.065
1165,12.6105,12.6447,0.036
1166,12.6165,12.624,0.034
1167,12.6465,12.661,0.05
1168,12.6475,12.657,0.045
1169,12.6495,12.6801,0.032
1170,12.6595,12.6695,0.034
1171,12.6665,12.6993,0.046
1172,12.6675,12.7038,0.033
1173,12.6745,12.7063,0.039
1174,12.6745,12.6926,0.103
1175,12.6755,12.7174,0.031
1176,12.6755,12.6861,0.123
1177,12.6995,12.7096,0.034
1178,12.7015,12.7087,0.042
1179,12.7035,12.7456,0.094
1180,12.7045,12.7387,0.064
1181,12.7175,12.733,0.031
1182,12.7525,12.762,0.063
1183,12.7895,12.8003,0.032
1184,12.8055,12.8123,0.031
1185,12.8065,12.8416,0.061
1186,12.8065,12.8466,0.038
1187,12.8175,12.8303,0.086
1188,12.8185,12.8255,0.044
1189,12.8255,12.8566,0.031
1190,12.8455,12.8518,0.05
1191,12.8455,12.8543,0.033
1192,12.8655,12.9044,0.032
1193,12.8695,12.9034,0.035
1194,12.8975,12.9043,0.046
1195,12.9015,12.9068,0.03
1196,12.9065,12.9428,0.033
1197,12.9085,12.941,0.032
1198,12.9475,12.962,0.139
1199,12.9505,12.9601,0.054
1200,12.9505,12.9855,0.045
1201,12.9505,12.9923,0.063
1202,12.9835,13.0222,0.037
1203,12.9895,13.0006,0.04
1204,13.0105,13.0217,0.053
1205,13.0135,13.0468,0.03
1206,13.0175,13.0522,0.034
1207,13.0235,13.0344,0.102
1208,13.0245,13.0358,0.054
1209,13.0275,13.0648,0.056
1210,13.0295,13.0614,0.03
1211,13.1515,13.1605,0.046
1212,13.1545,13.1934,0.033
1213,13.1745,13.1905,0.04
1214,13.1755,13.2122,0.031
1215,13.1765,13.2098,0.044
1216,13.1775,13.1872,0.045
1217,13.1975,13.2045,0.031
1218,13.2065,13.2126,0.03
1219,13.2075,13.2424,0.075
1220,13.2075,13.2468,0.056
1221,13.2305,13.2747,0.31
1222,13.2305,13.2481,0.276
1223,13.2305,13.2551,0.318
1224,13.2315,13.28,0.073
1225,13.2325,13.2396,0.04
1226,13.2325,13.2514,0.03
1227,13.2345,13.2645,0.15
1228,13.2425,13.2819,0.033
1229,13.2435,13.2608,0.111
1230,13.2445,13.263,0.069
1231,13.2445,13.2671,0.128
1232,13.2475,13.2604,0.047
1233,13.2505,13.2655,0.094
1234,13.2535,13.2899,0.041
1235,13.2595,13.2939,0.087
1236,13.2615,13.27,0.045
1237,13.2625,13.2707,0.06
1238,13.2635,13.2724,0.049
1239,13.2635,13.3012,0.03
1240,13.2855,13.3276,0.031
1241,13.2875,13.3052,0.057
1242,13.2885,13.298,0.043
1243,13.2895,13.3219,0.031
1244,13.2905,13.3328,0.03
1245,13.3025,13.315,0.159
1246,13.3035,13.3151,0.031
1247,13.3065,13.3501,0.036
1248,13.3255,13.3358,0.037
1249,13.3325,13.3479,0.038
1250,13.3345,13.3481,0.033
1251,13.3385,13.3512,0.041
1252,13.3395,13.3721,0.03
1253,13.3615,13.3674,0.05
1254,13.3625,13.3711,0.057
1255,13.3625,13.398,0.032
1256,13.3635,13.3959,0.04
1257,13.3755,13.414,0.031
1258,13.4075,13.413,0.038
1259,13.4305,13.4406,0.033
1260,13.4355,13.4425,0.047
1261,13.4405,13.4515,0.031
1262,13.4695,13.4996,0.033
1263,13.4775,13.488,0.034
1264,13.4795,13.4934,0.057
1265,13.5075,13.5506,0.034
1266,13.5445,13.5759,0.032
1267,13.5515,13.5642,0.084
1268,13.5515,13.5865,0.047
1269,13.5515,13.5865,0.036
1270,13.5585,13.5913,0.039
1271,13.5645,13.576,0.043
1272,13.5665,13.5768,0.102
1273,13.5735,13.6034,0.03
1274,13.5745,13.5824,0.041
1275,13.5935,13.6329,0.031
1276,13.6015,13.6338,0.032
1277,13.6075,13.6436,0.032
1278,13.6155,13.647,0.033
1279,13.6205,13.6323,0.036
1280,13.6215,13.655,0.033
1281,13.6215,13.6298,0.045
1282,13.6315,13.6432,0.035
1283,13.6565,13.6961,0.04
1284,13.6785,13.7092,0.034
1285,13.7345,13.778,0.03
1286,13.7445,13.7653,0.072
1287,13.7545,13.785,0.033
1288,13.7725,13.8145,0.052
1289,13.7905,13.8261,0.034
1290,13.7925,13.8,0.031
1291,13.8355,13.8448,0.036
1292,13.8385,13.8819,0.044
1293,13.8385,13.8694,0.031
1294,13.8535,13.8618,0.036
1295,13.8965,13.9258,0.036
1296,13.9045,13.9091,0.043
1297,13.9045,13.9103,0.11
1298,13.9055,13.9107,0.042
1299,13.9055,13.944,0.031
1300,13.9065,13.9422,0.038
1301,13.9065,13.9148,0.035
1302,13.9495,13.9563,0.032
1303,13.9765,14.0172,0.035
1304,13.9795,13.9875,0.044
1305,13.9935,14.0062,0.044
1306,13.9975,14.0301,0.036
1307,14.0145,14.0468,0.035
1308,14.0165,14.0282,0.107
1309,14.0165,14.0285,0.031
1310,14.0205,14.0601,0.046
1311,14.0275,14.0363,0.034
1312,14.0275,14.0668,0.042
1313,14.0355,14.0707,0.033
1314,14.0375,14.0694,0.035
1315,14.0725,14.1052,0.034
1316,14.0895,14.0996,0.03
1317,14.1535,14.1593,0.04
1318,14.1535,14.1607,0.044
1319,14.1575,14.1872,0.036
1320,14.1915,14.2245,0.034
1321,14.2045,14.2183,0.05
1322,14.2335,14.2416,0.034
1323,14.2345,14.2661,0.034
1324,14.2575,14.2626,0.067
1325,14.2685,14.2764,0.03
1326,14.2785,14.3162,0.032
1327,14.2795,14.288,0.036
1328,14.2845,14.293,0.03
1329,14.2975,14.3361,0.031
1330,14.2975,14.3289,0.044
1331,14.2985,14.3101,0.032
1332,14.3115,14.3213,0.035
1333,14.3125,14.3233,0.04
1334,14.3335,14.3408,0.047
1335,14.3415,14.3565,0.047
1336,14.3535,14.3952,0.032
1337,14.3545,14.3623,0.034
1338,14.3845,14.3957,0.071
1339,14.3855,14.3932,0.126
1340,14.3875,14.428,0.035
1341,14.3965,14.4353,0.032
1342,14.4125,14.4226,0.036
1343,14.4135,14.451,0.041
1344,14.4155,14.4488,0.048
1345,14.4195,14.4271,0.031
1346,14.4275,14.4385,0.064
1347,14.4465,14.4896,0.034
1348,14.4485,14.4576,0.071
1349,14.5185,14.5518,0.032
1350,14.5185,14.5317,0.045
1351,14.5185,14.5295,0.036
1352,14.5315,14.5708,0.04
1353,14.5485,14.5552,0.031
1354,14.5485,14.5874,0.037
1355,14.5505,14.5835,0.035
1356,14.5655,14.606,0.037
1357,14.5655,14.5724,0.03
1358,14.5685,14.6045,0.031
1359,14.6455,14.6581,0.053
1360,14.6685,14.6765,0.031
1361,14.6695,14.6753,0.032
1362,14.6715,14.7036,0.034
1363,14.6765,14.7079,0.034
1364,14.6825,14.7137,0.035
1365,14.7125,14.7482,0.03
1366,14.7125,14.7179,0.076
1367,14.7335,14.7432,0.031
1368,14.7625,14.7954,0.032
1369,14.7845,14.7913,0.053
1370,14.7845,14.7945,0.074
1371,14.8085,14.8571,0.072
1372,14.8085,14.8433,0.043
1373,14.8155,14.8256,0.031
1374,14.8155,14.8225,0.034
1375,14.8315,14.8648,0.032
1376,14.8365,14.8528,0.126
1377,14.8385,14.8484,0.054
1378,14.8405,14.8717,0.031
1379,14.8425,14.8787,0.031
1380,14.8665,14.8788,0.036
1381,14.8715,14.9035,0.03
1382,14.9195,14.9556,0.035
1383,14.9215,14.938,0.07
1384,14.9225,14.9591,0.031
1385,14.9255,14.9393,0.134
1386,14.9265,14.962,0.036
1387,14.9315,14.9669,0.036
1388,14.9545,14.9869,0.032
1389,14.9635,14.9813,0.037
1390,14.9785,15.0208,0.034
1391,14.9785,15.0102,0.032
1392,14.9865,15.029,0.032
1393,14.9965,15.0301,0.035
1394,15.0015,15.0409,0.104
1395,15.0025,15.0223,0.169
1396,15.0045,15.0467,0.052
1397,15.0115,15.0342,0.089
1398,15.0115,15.0511,0.092
1399,15.0135,15.0383,0.121
1400,15.0135,15.0291,0.196
1401,15.0165,15.0264,0.133
1402,15.0175,15.0316,0.178
1403,15.0195,15.034,0.087
1404,15.0205,15.0596,0.064
1405,15.0275,15.0375,0.101
1406,15.0275,15.062,0.034
1407,15.0295,15.0392,0.05
1408,15.0295,15.0403,0.131
1409,15.0335,15.0666,0.034
1410,15.0495,15.0637,0.031
1411,15.0585,15.0703,0.047
1412,15.0665,15.0951,0.123
1413,15.0695,15.0856,0.07
1414,15.0695,15.1051,0.045
1415,15.0705,15.1148,0.055
1416,15.1005,15.1403,0.049
1417,15.1035,15.1368,0.03
1418,15.1315,15.165,0.035
1419,15.1525,15.1917,0.03
1420,15.1525,15.1846,0.037
1421,15.1615,15.1724,0.03
1422,15.1645,15.1732,0.041
1423,15.1835,15.2269,0.078
1424,15.1845,15.203,0.15
1425,15.1845,15.1981,0.104
1426,15.1865,15.2215,0.043
1427,15.1875,15.2093,0.049
1428,15.1925,15.2049,0.052
1429,15.1935,15.2281,0.037
1430,15.1985,15.2067,0.039
1431,15.2015,15.2211,0.051
1432,15.2385,15.2757,0.03
1433,15.2395,15.2716,0.031
1434,15.2495,15.2572,0.038
1435,15.2655,15.2809,0.058
1436,15.2655,15.3003,0.034
1437,15.2685,15.2805,0.053
1438,15.2685,15.3033,0.047
1439,15.2915,15.2994,0.037
1440,15.3555,15.363,0.039
1441,15.3735,15.405,0.031
1442,15.3755,15.3868,0.03
1443,15.3805,15.3889,0.044
1444,15.4035,15.4128,0.031
1445,15.4095,15.4409,0.038
1446,15.4385,15.4785,0.03
1447,15.4405,15.4491,0.033
1448,15.4515,15.4895,0.033
1449,15.4865,15.4933,0.032
1450,15.4905,15.4981,0.032
1451,15.4915,15.5087,0.178
1452,15.5025,15.5425,0.03
1453,15.5165,15.5626,0.099
1454,15.5205,15.5369,0.266
1455,15.5205,15.5374,0.13
1456,15.5215,15.5631,0.044
1457,15.5305,15.5712,0.045
1458,15.5405,15.5566,0.055
1459,15.5465,15.5889,0.041
1460,15.5505,15.5673,0.081
1461,15.5515,15.5943,0.036
1462,15.5535,15.5598,0.03
1463,15.5745,15.5886,0.101
1464,15.5945,15.6364,0.216
1465,15.5965,15.6118,0.075
1466,15.5975,15.6089,0.191
1467,15.5975,15.6361,0.051
1468,15.6015,15.6281,0.216
1469,15.6105,15.6169,0.037
1470,15.6175,15.6237,0.033
1471,15.6365,15.6774,0.031
1472,15.6365,15.6707,0.033
1473,15.6515,15.6577,0.033
1474,15.6525,15.6592,0.033
1475,15.6785,15.6901,0.043
1476,15.6835,15.7249,0.038
1477,15.6835,15.717,0.053
1478,15.6925,15.7007,0.047
1479,15.7105,15.7405,0.033
1480,15.7125,15.7558,0.041
1481,15.7155,15.7233,0.051
1482,15.7165,15.7481,0.032
1483,15.7265,15.7595,0.033
1484,15.7275,15.7347,0.067
1485,15.7525,15.7629,0.04
1486,15.7535,15.7608,0.038
1487,15.7745,15.7834,0.035
1488,15.7765,15.8167,0.038
1489,15.7835,15.8233,0.033
1490,15.7965,15.8036,0.043
1491,15.8305,15.8395,0.034
1492,15.8525,15.8939,0.292
1493,15.8525,15.8672,0.403
1494,15.8535,15.8677,0.259
1495,15.8545,15.8711,0.14
1496,15.8585,15.8948,0.086
1497,15.8845,15.9247,0.034
1498,15.8865,15.9211,0.037
1499,15.8945,15.9024,0.039
1500,15.9405,15.9736,0.033
1501,15.9415,15.9543,0.052
1502,15.9425,15.9515,0.054
1503,15.9515,15.9596,0.032
1504,15.9605,15.9975,0.032
1505,15.9875,15.9991,0.061
1506,15.9875,16.0209,0.03
1507,15.9885,15.9994,0.033
1508,16.0115,16.0492,0.032
1509,16.0155,16.026,0.031
1510,16.0185,16.0512,0.035
1511,16.0205,16.0283,0.031
1512,16.0755,16.088,0.066
1513,16.0845,16.1242,0.037
1514,16.0845,16.1186,0.037
1515,16.1125,16.1434,0.032
1516,16.1265,16.1357,0.038
1517,16.1475,16.1873,0.046
1518,16.1605,16.1957,0.033
1519,16.1645,16.1783,0.063
1520,16.1655,16.1776,0.146
1521,16.1685,16.2016,0.031
1522,16.2105,16.2453,0.05
1523,16.2145,16.2547,0.133
1524,16.2155,16.23,0.128
1525,16.2155,16.2331,0.205
1526,16.2155,16.227,0.308
1527,16.2165,16.2266,0.111
1528,16.2185,16.241,0.035
1529,16.2205,16.2564,0.047
1530,16.2585,16.2682,0.032
1531,16.2645,16.2724,0.043
1532,16.2755,16.3167,0.041
1533,16.2775,16.2853,0.033
1534,16.3095,16.351,0.031
1535,16.3175,16.3579,0.032
1536,16.3625,16.3745,0.099
1537,16.3645,16.3808,0.15
1538,16.3645,16.4107,0.093
1539,16.3705,16.4139,0.045
1540,16.3725,16.383,0.053
1541,16.3815,16.428,0.033
1542,16.3835,16.3958,0.094
1543,16.3885,16.4249,0.046
1544,16.4155,16.43,0.119
1545,16.4195,16.4607,0.075
1546,16.4215,16.4589,0.034
1547,16.4265,16.4399,0.3
1548,16.4265,16.47,0.056
1549,16.4275,16.4406,0.062
1550,16.4615,16.4717,0.056
1551,16.4705,16.477,0.046
1552,16.4785,16.519,0.041
1553,16.4815,16.5118,0.036
1554,16.4885,16.5084,0.369
1555,16.4965,16.5114,0.039
1556,16.4985,16.5072,0.036
1557,16.4995,16.5402,0.05
1558,16.4995,16.5364,0.033
1559,16.5445,16.5584,0.051
1560,16.5465,16.5903,0.04
1561,16.5525,16.5881,0.035
1562,16.5555,16.5663,0.063
1563,16.5565,16.5993,0.037
1564,16.5625,16.5783,0.035
1565,16.5695,16.6116,0.048
1566,16.5765,16.5814,0.076
1567,16.5895,16.6221,0.034
1568,16.5895,16.6324,0.051
1569,16.6145,16.6486,0.032
1570,16.6395,16.6491,0.03
1571,16.6475,16.6863,0.031
1572,16.6705,16.7039,0.038
1573,16.6705,16.6776,0.039
1574,16.7005,16.7402,0.042
1575,16.7265,16.7359,0.032
1576,16.7325,16.7658,0.032
1577,16.7455,16.7767,0.034
1578,16.7765,16.7868,0.035
1579,16.7855,16.7935,0.032
1580,16.7995,16.839,0.031
1581,16.8065,16.8458,0.037
1582,16.8075,16.8385,0.042
1583,16.8165,16.8224,0.061
1584,16.8165,16.8495,0.049
1585,16.8315,16.8425,0.033
1586,16.8735,16.906,0.038
1587,16.8755,16.9186,0.041
1588,16.8845,16.8954,0.036
1589,16.9285,16.9349,0.038
1590,16.9325,16.9492,0.209
1591,16.9325,16.9505,0.117
1592,16.9325,16.9758,0.122
1593,16.9335,16.9526,0.235
1594,16.9365,16.9467,0.048
1595,16.9375,16.979,0.072
1596,16.9575,16.9909,0.036
1597,16.9615,16.9778,0.055
1598,16.9635,17.0011,0.035
1599,16.9645,16.9782,0.065
1600,16.9655,16.9985,0.04
1601,16.9785,17.0173,0.032
1602,16.9785,16.9915,0.068
1603,16.9885,16.9989,0.06
1604,17.0015,17.012,0.044
1605,17.0095,17.0404,0.032
1606,17.0315,17.042,0.055
1607,17.0325,17.0428,0.034
1608,17.0335,17.0749,0.033
1609,17.0355,17.0679,0.03
1610,17.0575,17.0677,0.033
1611,17.0625,17.0706,0.031
1612,17.0715,17.0845,0.033
1613,17.0725,17.1046,0.039
1614,17.0885,17.1002,0.062
1615,17.0915,17.1347,0.046
1616,17.0925,17.1271,0.03
1617,17.1255,17.1578,0.031
1618,17.1295,17.1381,0.032
1619,17.1305,17.1645,0.031
1620,17.1655,17.2092,0.037
1621,17.1835,17.2218,0.037
1622,17.1855,17.1924,0.035
1623,17.2195,17.2256,0.068
1624,17.2205,17.2602,0.058
1625,17.2255,17.2547,0.04
1626,17.2385,17.2448,0.035
1627,17.2425,17.2759,0.038
1628,17.2605,17.2679,0.033
1629,17.2625,17.2958,0.033
1630,17.2755,17.2875,0.033
1631,17.2895,17.3321,0.03
1632,17.2895,17.321,0.03
1633,17.3485,17.3815,0.047
1634,17.3665,17.4061,0.037
1635,17.3695,17.4003,0.037
1636,17.3905,17.4019,0.059
1637,17.4025,17.4347,0.032
1638,17.4265,17.435,0.04
1639,17.4655,17.5079,0.031
1640,17.5025,17.5379,0.044
1641,17.5295,17.5387,0.031
1642,17.5565,17.5717,0.124
1643,17.5585,17.5733,0.288
1644,17.5605,17.5759,0.039
1645,17.5625,17.6072,0.107
1646,17.5635,17.602,0.053
1647,17.6125,17.6292,0.032
1648,17.6295,17.6375,0.038
1649,17.6465,17.689,0.031
1650,17.6825,17.7151,0.033
1651,17.6915,17.6986,0.034
1652,17.7355,17.7767,0.03
1653,17.7575,17.7922,0.033
1654,17.7595,17.8003,0.035
1655,17.7605,17.7672,0.031
1656,17.7935,17.8243,0.031
1657,17.7955,17.838,0.048
1658,17.8165,17.8269,0.034
1659,17.8485,17.8826,0.03
1660,17.8595,17.876,0.183
1661,17.8595,17.8764,0.216
1662,17.8615,17.8998,0.031
1663,17.8675,17.8795,0.152
1664,17.8715,17.9114,0.037
1665,17.8715,17.9046,0.031
1666,17.9185,17.9262,0.038
1667,17.9365,17.9733,0.043
1668,17.9435,17.9863,0.234
1669,17.9435,17.9623,0.23
1670,17.9435,17.9573,0.285
1671,17.9435,17.9592,0.051
1672,17.9465,17.9567,0.088
1673,17.9465,17.9708,0.032
1674,17.9475,17.9882,0.053
1675,17.9885,18.0311,0.033
1676,18.0195,18.0577,0.044
1677,18.0205,18.033,0.077
1678,18.0215,18.0532,0.031
1679,18.0575,18.0698,0.039
1680,18.0595,18.0688,0.041
1681,18.0615,18.1022,0.051
1682,18.0625,18.0956,0.043
1683,18.0715,18.1041,0.031
1684,18.0905,18.1032,0.096
1685,18.0965,18.1375,0.032
1686,18.1165,18.1278,0.04
1687,18.1175,18.1495,0.035
1688,18.1195,18.128,0.075
1689,18.1285,18.1658,0.031
1690,18.2085,18.2513,0.042
1691,18.2435,18.2817,0.039
1692,18.2535,18.2639,0.031
1693,18.2905,18.298,0.043
1694,18.2905,18.3057,0.044
1695,18.2985,18.3386,0.036
1696,18.3005,18.3332,0.043
1697,18.3365,18.3759,0.043
1698,18.3475,18.3607,0.079
1699,18.3495,18.3583,0.04
1700,18.3515,18.3829,0.03
1701,18.3905,18.4245,0.032
1702,18.4305,18.4738,0.03
1703,18.4315,18.4402,0.03
1704,18.4925,18.5049,0.044
1705,18.5515,18.5593,0.03
1706,18.5525,18.5592,0.037
1707,18.5535,18.5897,0.051
1708,18.5545,18.5885,0.046
1709,18.5745,18.6135,0.031
1710,18.5835,18.6246,0.031
1711,18.5985,18.6385,0.03
1712,18.6225,18.6294,0.03
1713,18.6225,18.6297,0.041
1714,18.6255,18.6664,0.039
1715,18.6615,18.669,0.032
1716,18.6615,18.7032,0.035
1717,18.6695,18.7111,0.031
1718,18.6845,18.7162,0.032
1719,18.6915,18.7238,0.031
1720,18.6945,18.7011,0.031
1721,18.6945,18.7042,0.036
1722,18.7155,18.7481,0.035
1723,18.7325,18.7394,0.046
1724,18.7395,18.7703,0.033
1725,18.7625,18.7682,0.031
1726,18.7635,18.7711,0.034
1727,18.8015,18.8371,0.03
1728,18.8025,18.8105,0.033
1729,18.8045,18.8381,0.031
1730,18.8525,18.864,0.035
1731,18.8565,18.8888,0.032
1732,18.8995,18.9427,0.039
1733,18.8995,18.9317,0.03
1734,18.9245,18.9562,0.031
1735,18.9395,18.9598,0.034
1736,18.9625,18.9715,0.038
1737,19.0435,19.0835,0.031
1738,19.0635,19.0735,0.035
1739,19.0635,19.0713,0.036
1740,19.0655,19.1007,0.048
1741,19.0745,19.0922,0.209
1742,19.0755,19.0962,0.206
1743,19.0765,19.1135,0.216
1744,19.0795,19.1214,0.042
1745,19.0795,19.1041,0.069
1746,19.0845,19.1001,0.082
1747,19.0885,19.1036,0.086
1748,19.0905,19.1027,0.044
1749,19.0905,19.1039,0.054
1750,19.0905,19.1026,0.094
1751,19.0915,19.1307,0.057
1752,19.0995,19.112,0.185
1753,19.0995,19.1088,0.065
1754,19.0995,19.105,0.032
1755,19.1005,19.1089,0.042
1756,19.1005,19.1308,0.107
1757,19.1055,19.1407,0.037
1758,19.1055,19.113,0.042
1759,19.1065,19.1132,0.035
1760,19.1275,19.1713,0.096
1761,19.1285,19.1433,0.069
1762,19.1305,19.1413,0.126
1763,19.1305,19.14,0.04
1764,19.1315,19.1665,0.077
1765,19.1335,19.1488,0.103
1766,19.1465,19.1578,0.037
1767,19.1525,19.1922,0.031
1768,19.1675,19.179,0.037
1769,19.1725,19.1825,0.047
1770,19.1805,19.2153,0.036
1771,19.2035,19.2379,0.052
1772,19.2055,19.2473,0.031
1773,19.2285,19.2381,0.046
1774,19.2685,19.3008,0.036
1775,19.2735,19.2904,0.039
1776,19.2755,19.3116,0.043
1777,19.2775,19.2906,0.098
1778,19.2785,19.3174,0.074
1779,19.2885,19.3263,0.039
1780,19.3135,19.3554,0.03
1781,19.3145,19.3235,0.036
1782,19.3525,19.3614,0.052
1783,19.3785,19.3835,0.054
1784,19.3905,19.4223,0.031
1785,19.3935,19.4028,0.031
1786,19.4235,19.4336,0.087
1787,19.4245,19.432,0.041
1788,19.4485,19.4803,0.034
1789,19.4775,19.518,0.031
1790,19.4795,19.4888,0.033
1791,19.4865,19.5207,0.033
1792,19.4865,19.4977,0.035
1793,19.4875,19.4952,0.042
1794,19.4985,19.5102,0.037
1795,19.5035,19.5436,0.032
1796,19.5135,19.5291,0.249
1797,19.5155,19.5225,0.03
1798,19.5155,19.5472,0.033
1799,19.5405,19.5824,0.038
1800,19.5415,19.5767,0.031
1801,19.5425,19.5516,0.03
1802,19.5535,19.5656,0.03
1803,19.5595,19.5662,0.037
1804,19.5915,19.5989,0.04
1805,19.5985,19.608,0.031
1806,19.6205,19.6302,0.039
1807,19.6575,19.6661,0.032
1808,19.6615,19.6707,0.034
1809,19.6645,19.6994,0.044
1810,19.6965,19.7274,0.03
1811,19.7025,19.7345,0.03
1812,19.7025,19.7136,0.034
1813,19.7245,19.7657,0.031
1814,19.7825,19.8246,0.035
1815,19.7925,19.8242,0.031
1816,19.8635,19.872,0.056
1817,19.8645,19.9056,0.054
1818,19.8645,19.8703,0.051
1819,19.8655,19.8712,0.035
1820,19.8685,19.9007,0.056
1821,19.8705,19.8811,0.05
1822,19.9065,19.9238,0.077
1823,19.9095,19.9189,0.145
1824,19.9105,19.9456,0.041
1825,19.9115,19.9508,0.043
1826,19.9425,19.9738,0.03
1827,20.0485,20.081,0.035
1828,20.0915,20.1317,0.032
1829,20.0935,20.1254,0.039
1830,20.0995,20.1199,0.033
1831,20.1125,20.152,0.035
1832,20.1235,20.1339,0.048
1833,20.1295,20.1361,0.086
1834,20.1305,20.1686,0.04
1835,20.1315,20.1637,0.03
1836,20.1865,20.1961,0.041
1837,20.1905,20.2253,0.031
1838,20.2185,20.229,0.041
1839,20.2195,20.2343,0.081
1840,20.2205,20.2557,0.035
1841,20.2985,20.3318,0.032
1842,20.3125,20.3212,0.033
1843,20.3155,20.3474,0.034
1844,20.3405,20.3805,0.032
1845,20.3425,20.353,0.033
1846,20.3715,20.4046,0.033
1847,20.3825,20.4133,0.032
1848,20.3865,20.3971,0.03
1849,20.3915,20.4303,0.051
1850,20.3925,20.4242,0.041
1851,20.4165,20.4507,0.033
1852,20.4315,20.4387,0.047
1853,20.4315,20.4375,0.038
1854,20.4435,20.451,0.031
1855,20.4435,20.4529,0.031
1856,20.4985,20.5082,0.129
1857,20.4995,20.5411,0.035
1858,20.5005,20.5331,0.033
1859,20.5255,20.5354,0.043
1860,20.5305,20.5391,0.097
1861,20.5345,20.5753,0.035
1862,20.5455,20.5779,0.031
1863,20.5785,20.5866,0.041
1864,20.5785,20.6106,0.032
1865,20.5865,20.6173,0.032
1866,20.5965,20.6326,0.032
1867,20.6015,20.6141,0.137
1868,20.6025,20.6177,0.101
1869,20.6025,20.6384,0.044
1870,20.6195,20.63,0.039
1871,20.6395,20.6494,0.049
1872,20.6815,20.6896,0.03
1873,20.6815,20.7166,0.049
1874,20.6915,20.7304,0.043
1875,20.6935,20.7327,0.103
1876,20.6935,20.7075,0.088
1877,20.6945,20.7106,0.053
1878,20.7055,20.7166,0.035
1879,20.7395,20.7806,0.041
1880,20.7465,20.7582,0.031
1881,20.7575,20.7671,0.048
1882,20.7605,20.7968,0.044
1883,20.7815,20.8144,0.038
1884,20.7865,20.8275,0.043
1885,20.7875,20.8219,0.036
1886,20.7905,20.7988,0.043
1887,20.7955,20.8297,0.038
1888,20.8725,20.8842,0.041
1889,20.8785,20.8925,0.206
1890,20.8815,20.9219,0.079
1891,20.8855,20.9187,0.044
1892,20.8885,20.9012,0.057
1893,20.8955,20.9146,0.178
1894,20.9275,20.9342,0.043
1895,20.9345,20.9673,0.031
1896,20.9435,20.9827,0.032
1897,20.9435,20.9609,0.033
1898,20.9545,20.9605,0.053
1899,20.9555,20.9644,0.044
1900,20.9565,20.9919,0.046
1901,20.9565,20.99,0.052
1902,20.9625,20.9737,0.03
1903,20.9715,20.9817,0.056
1904,21.0015,21.0366,0.035
1905,21.0045,21.0197,0.064
1906,21.0055,21.0422,0.048
1907,21.0065,21.0201,0.096
1908,21.0465,21.0535,0.043
1909,21.0465,21.089,0.038
1910,21.0545,21.0613,0.033
1911,21.0925,21.1328,0.074
1912,21.0965,21.1173,0.171
1913,21.0995,21.1184,0.222
1914,21.1005,21.1282,0.084
1915,21.1015,21.1387,0.073
1916,21.1015,21.1416,0.073
1917,21.1065,21.1283,0.074
1918,21.1115,21.1288,0.14
1919,21.1145,21.1371,0.078
1920,21.1145,21.1266,0.051
1921,21.1155,21.1287,0.041
1922,21.1175,21.1542,0.053
1923,21.1175,21.1312,0.064
1924,21.1235,21.1323,0.068
1925,21.1265,21.1541,0.035
1926,21.1275,21.1398,0.057
1927,21.1525,21.195,0.049
1928,21.1525,21.1721,0.067
1929,21.1525,21.1845,0.039
1930,21.1555,21.1644,0.039
1931,21.1565,21.1683,0.042
1932,21.1575,21.1675,0.042
1933,21.1605,21.1934,0.033
1934,21.1775,21.1888,0.079
1935,21.1895,21.224,0.038
1936,21.2055,21.2258,0.132
1937,21.2065,21.2229,0.12
1938,21.2065,21.2449,0.049
1939,21.2065,21.2413,0.034
1940,21.2155,21.2469,0.031
1941,21.2195,21.2264,0.033
1942,21.2275,21.2578,0.032
1943,21.2505,21.2649,0.035
1944,21.2505,21.2588,0.047
1945,21.2515,21.2939,0.035
1946,21.2525,21.2862,0.033
1947,21.2625,21.299,0.032
1948,21.2655,21.2789,0.05
1949,21.2695,21.2823,0.05
1950,21.2785,21.3138,0.032
1951,21.3035,21.3133,0.03
1952,21.3045,21.3455,0.03
1953,21.3255,21.3676,0.034
1954,21.3295,21.3655,0.048
1955,21.3305,21.3399,0.053
1956,21.3315,21.3416,0.045
1957,21.3345,21.3743,0.036
1958,21.3615,21.3994,0.036
1959,21.3615,21.3701,0.047
1960,21.3775,21.3958,0.075
1961,21.4065,21.4128,0.033
1962,21.4325,21.4646,0.037
1963,21.4555,21.495,0.038
1964,21.4565,21.4896,0.034
1965,21.4585,21.4706,0.069
1966,21.4595,21.4688,0.054
1967,21.4835,21.5215,0.038
1968,21.4845,21.517,0.038
1969,21.5055,21.5395,0.033
1970,21.5245,21.5569,0.033
1971,21.5265,21.5326,0.04
1972,21.5265,21.5651,0.043
1973,21.5295,21.5411,0.035
1974,21.5485,21.5827,0.049
1975,21.5495,21.5569,0.03
1976,21.5515,21.5582,0.036
1977,21.5795,21.5857,0.068
1978,21.5795,21.5896,0.036
1979,21.5815,21.6176,0.038
1980,21.5815,21.6138,0.046
1981,21.5925,21.6288,0.03
1982,21.6225,21.633,0.038
1983,21.6385,21.6732,0.034
1984,21.6415,21.648,0.057
1985,21.6645,21.6749,0.046
1986,21.6855,21.7238,0.03
1987,21.7385,21.7475,0.042
1988,21.7395,21.7453,0.039
1989,21.7415,21.7757,0.031
1990,21.7555,21.7659,0.048
1991,21.7725,21.8137,0.033
1992,21.7795,21.7873,0.032
1993,21.8015,21.8181,0.047
1994,21.8045,21.8164,0.035
1995,21.8155,21.8469,0.041
1996,21.8155,21.8535,0.034
1997,21.8435,21.8859,0.049
1998,21.8435,21.8782,0.039
1999,21.8445,21.8547,0.041
2000,21.9055,21.915,0.035
2001,21.9125,21.923,0.031
2002,21.9485,21.9796,0.031
2003,22.0105,22.0243,0.223
2004,22.0155,22.0224,0.079
2005,22.0385,22.0745,0.085
2006,22.0715,22.1062,0.031
2007,22.0795,22.09,0.041
2008,22.0805,22.0896,0.04
2009,22.1045,22.1355,0.03
2010,22.1325,22.1712,0.033
2011,22.1455,22.1593,0.049
2012,22.1465,22.1544,0.043
2013,22.1575,22.1711,0.047
2014,22.1745,22.2103,0.042
2015,22.1815,22.2194,0.21
2016,22.1825,22.1897,0.032
2017,22.1825,22.1994,0.331
2018,22.1825,22.1963,0.054
2019,22.1845,22.2275,0.058
2020,22.1845,22.2047,0.178
2021,22.1865,22.2116,0.049
2022,22.1945,22.2118,0.137
2023,22.1965,22.2364,0.066
2024,22.2025,22.2147,0.041
2025,22.2025,22.219,0.081
2026,22.2035,22.2418,0.064
2027,22.2125,22.2469,0.087
2028,22.2135,22.2207,0.112
2029,22.2145,22.2286,0.103
2030,22.2285,22.2484,0.104
2031,22.2285,22.2606,0.036
2032,22.2295,22.24,0.085
2033,22.2305,22.2423,0.052
2034,22.2315,22.2383,0.035
2035,22.2435,22.2558,0.111
2036,22.2435,22.2784,0.049
2037,22.2445,22.254,0.058
2038,22.2455,22.2566,0.049
2039,22.2455,22.2814,0.048
2040,22.2655,22.3024,0.03
2041,22.2665,22.2825,0.123
2042,22.2745,22.2833,0.051
2043,22.3095,22.3181,0.05
2044,22.3105,22.3449,0.05
2045,22.3105,22.3502,0.053
2046,22.3125,22.3228,0.035
2047,22.3345,22.3416,0.035
2048,22.3345,22.3449,0.035
2049,22.3385,22.3703,0.03
2050,22.3715,22.3832,0.047
2051,22.3755,22.4156,0.037
2052,22.4015,22.4101,0.031
2053,22.4285,22.4512,0.147
2054,22.4295,22.4644,0.033
2055,22.4295,22.4376,0.044
2056,22.4345,22.4443,0.03
2057,22.4485,22.4851,0.066
2058,22.4495,22.4721,0.074
2059,22.4495,22.4915,0.084
2060,22.4495,22.4645,0.198
2061,22.4785,22.5137,0.038
2062,22.4845,22.5173,0.034
2063,22.4855,22.4988,0.104
2064,22.4865,22.4947,0.052
2065,22.4925,22.5307,0.033
2066,22.5135,22.5262,0.042
2067,22.5515,22.5829,0.036
2068,22.6065,22.6128,0.033
2069,22.6075,22.6159,0.031
2070,22.6145,22.6265,0.106
2071,22.6155,22.6539,0.039
2072,22.6385,22.6766,0.033
2073,22.6555,22.6865,0.046
2074,22.6835,22.6928,0.032
2075,22.6885,22.6996,0.123
2076,22.6885,22.6993,0.061
2077,22.7105,22.7185,0.032
2078,22.7235,22.7649,0.03
2079,22.7345,22.7793,0.041
2080,22.7355,22.7418,0.055
2081,22.7355,22.7458,0.046
2082,22.7365,22.7753,0.086
2083,22.7875,22.7998,0.033
2084,22.7895,22.7976,0.042
2085,22.7905,22.8211,0.033
2086,22.7915,22.8358,0.045
2087,22.7995,22.8462,0.049
2088,22.8015,22.834,0.039
2089,22.8095,22.8411,0.037
2090,22.8095,22.8162,0.033
2091,22.8105,22.8216,0.191
2092,22.8355,22.8772,0.031
2093,22.8385,22.8457,0.053
2094,22.8865,22.9214,0.041
2095,22.8995,22.9074,0.031
2096,22.9125,22.9222,0.056
2097,22.9125,22.9266,0.033
2098,22.9145,22.9531,0.037
2099,22.9345,22.9441,0.046
2100,22.9485,22.9811,0.031
2101,23.0065,23.0195,0.033
2102,23.0115,23.0543,0.03
2103,23.0715,23.085,0.041
2104,23.0945,23.1338,0.03
2105,23.1085,23.1214,0.048
2106,23.1085,23.1207,0.103
2107,23.1105,23.1453,0.041
2108,23.1125,23.1503,0.041
2109,23.1275,23.1583,0.031
2110,23.1435,23.1529,0.034
2111,23.1535,23.1618,0.045
2112,23.1535,23.1929,0.032
2113,23.1535,23.16,0.04
2114,23.1565,23.1885,0.035
2115,23.2025,23.2405,0.039
2116,23.2045,23.239,0.045
2117,23.2125,23.2225,0.056
2118,23.2145,23.2536,0.034
2119,23.2405,23.2721,0.03
2120,23.2625,23.2958,0.04
2121,23.2995,23.3388,0.045
2122,23.3025,23.3097,0.036
2123,23.3085,23.3401,0.033
2124,23.3325,23.3426,0.036
2125,23.3675,23.3782,0.055
2126,23.3685,23.3764,0.03
2127,23.3745,23.4084,0.031
2128,23.3915,23.3997,0.033
2129,23.3995,23.4378,0.031
2130,23.4025,23.4115,0.04
2131,23.4165,23.4584,0.043
2132,23.4445,23.4817,0.051
2133,23.4485,23.4661,0.323
2134,23.4515,23.4905,0.285
2135,23.4515,23.4588,0.03
2136,23.4525,23.4703,0.041
2137,23.4525,23.4937,0.07
2138,23.4535,23.4777,0.224
2139,23.4575,23.4817,0.083
2140,23.4605,23.4992,0.051
2141,23.4635,23.4862,0.071
2142,23.4795,23.4987,0.236
2143,23.4805,23.4995,0.06
2144,23.4815,23.5158,0.12
2145,23.4815,23.4996,0.089
2146,23.4825,23.4916,0.035
2147,23.4845,23.5229,0.039
2148,23.4945,23.4996,0.056
2149,23.4975,23.504,0.063
2150,23.5235,23.5344,0.033
2151,23.5255,23.5329,0.054
2152,23.5265,23.5583,0.041
2153,23.5275,23.565,0.055
2154,23.5435,23.5811,0.034
2155,23.5455,23.5542,0.046
2156,23.5495,23.582,0.033
2157,23.5625,23.6009,0.032
2158,23.5775,23.5884,0.03
2159,23.5865,23.6251,0.035
2160,23.6005,23.6339,0.046
2161,23.6045,23.6193,0.286
2162,23.6075,23.644,0.031
2163,23.6075,23.6197,0.117
2164,23.6425,23.6517,0.044
2165,23.6435,23.6833,0.035
2166,23.6655,23.6722,0.03
2167,23.7045,23.7124,0.039
2168,23.7055,23.7191,0.036
2169,23.7065,23.742,0.033
2170,23.7085,23.7494,0.032
2171,23.7315,23.7719,0.033
2172,23.7385,23.75,0.035
2173,23.7565,23.7656,0.03
2174,23.7675,23.7754,0.036
2175,23.7675,23.8122,0.09
2176,23.7675,23.7725,0.036
2177,23.7675,23.7992,0.043
2178,23.7685,23.7744,0.036
2179,23.7795,23.7942,0.035
2180,23.9085,23.9411,0.039
2181,23.9095,23.9204,0.057
2182,23.9115,23.9187,0.045
2183,23.9415,23.9494,0.043
2184,23.9425,23.9789,0.033
2185,23.9425,23.9872,0.038
2186,23.9435,23.9547,0.081
2187,23.9685,24.0028,0.034
2188,24.0115,24.0482,0.04
2189,24.0115,24.0525,0.045
2190,24.0525,24.0867,0.036
2191,24.0535,24.061,0.035
2192,24.0885,24.1028,0.117
2193,24.0915,24.1259,0.035
2194,24.0925,24.1265,0.035
2195,24.1365,24.175,0.07
2196,24.1385,24.1704,0.035
2197,24.1395,24.16,0.141
2198,24.1435,24.1584,0.048
2199,24.1435,24.1616,0.265
2200,24.1445,24.1713,0.073
2201,24.1465,24.1881,0.057
2202,24.1475,24.1707,0.034
2203,24.1505,24.1589,0.033
2204,24.1515,24.1796,0.189
2205,24.1525,24.1934,0.047
2206,24.1595,24.1763,0.185
2207,24.1615,24.1759,0.033
2208,24.1625,24.1785,0.051
2209,24.1625,24.1876,0.108
2210,24.1635,24.2033,0.093
2211,24.1655,24.1815,0.108
2212,24.1795,24.1873,0.077
2213,24.1925,24.2325,0.091
2214,24.1925,24.23,0.033
2215,24.1945,24.2095,0.054
2216,24.2035,24.213,0.044
2217,24.2095,24.2289,0.03
2218,24.2215,24.228,0.031
2219,24.2225,24.2551,0.042
2220,24.2435,24.2558,0.045
2221,24.2535,24.2858,0.035
2222,24.2535,24.2694,0.098
2223,24.2545,24.2966,0.045
2224,24.2545,24.2639,0.058
2225,24.2805,24.2905,0.035
2226,24.2845,24.3245,0.04
2227,24.3075,24.3182,0.05
2228,24.3375,24.3698,0.03
2229,24.3395,24.3587,0.085
2230,24.3635,24.3706,0.033
2231,24.3655,24.3746,0.039
2232,24.3665,24.386,0.04
2233,24.3735,24.4109,0.034
2234,24.3885,24.4028,0.069
2235,24.3965,24.4094,0.048
2236,24.3985,24.4312,0.049
2237,24.3985,24.4367,0.054
2238,24.3985,24.4094,0.081
2239,24.4575,24.4642,0.03
2240,24.4675,24.4751,0.047
2241,24.4685,24.5093,0.036
2242,24.4695,24.476,0.034
2243,24.4715,24.5071,0.035
2244,24.4835,24.494,0.063
2245,24.4835,24.4897,0.078
2246,24.4845,24.5216,0.031
2247,24.5005,24.5419,0.036
2248,24.5115,24.5228,0.069
2249,24.5125,24.5234,0.058
2250,24.5255,24.5565,0.03
2251,24.5455,24.5864,0.034
2252,24.5585,24.5922,0.033
2253,24.5745,24.5819,0.038
2254,24.6105,24.6526,0.033
2255,24.6395,24.6707,0.031
2256,24.6465,24.6568,0.042
2257,24.6475,24.6897,0.038
2258,24.6485,24.6835,0.05
2259,24.6775,24.6849,0.037
2260,24.7015,24.7424,0.031
2261,24.7085,24.7168,0.031
2262,24.7305,24.7456,0.1
2263,24.7315,24.7474,0.106
2264,24.7345,24.7721,0.071
2265,24.7345,24.7723,0.066
2266,24.7895,24.797,0.03
2267,24.7945,24.8025,0.03
2268,24.8105,24.8192,0.034
2269,24.8205,24.8629,0.054
2270,24.8205,24.8275,0.035
2271,24.8275,24.8609,0.049
2272,24.8315,24.8714,0.133
2273,24.8325,24.8553,0.094
2274,24.8345,24.8481,0.169
2275,24.8365,24.8798,0.124
2276,24.8435,24.8808,0.045
2277,24.8465,24.8623,0.215
2278,24.8495,24.8913,0.209
2279,24.8505,24.8917,0.047
2280,24.8515,24.8725,0.031
2281,24.8615,24.9001,0.044
2282,24.8625,24.8785,0.05
2283,24.8675,24.8891,0.109
2284,24.8845,24.8981,0.136
2285,24.8875,24.9038,0.054
2286,24.8885,24.9328,0.138
2287,24.8955,24.9337,0.069
2288,24.9155,24.9524,0.045
2289,24.9315,24.939,0.032
2290,24.9325,24.9422,0.033
2291,24.9345,24.9661,0.031
2292,24.9535,24.9863,0.031
2293,24.9565,25.0023,0.049
2294,24.9595,24.9687,0.032
2295,24.9795,25.0019,0.147
2296,24.9915,25.0215,0.03
2297,24.9935,25.0049,0.045
2298,25.0035,25.0359,0.044
2299,25.0045,25.0451,0.044
2300,25.0225,25.0405,0.07
2301,25.0315,25.0673,0.041
2302,25.0375,25.0559,0.132
2303,25.0385,25.0803,0.163
2304,25.0405,25.0823,0.041
2305,25.0415,25.0648,0.037
2306,25.0415,25.0629,0.183
2307,25.0445,25.0555,0.034
2308,25.0445,25.0521,0.038
2309,25.0465,25.0657,0.052
2310,25.0485,25.0875,0.044
2311,25.0575,25.0658,0.038
2312,25.0575,25.0755,0.053
2313,25.0595,25.0875,0.039
2314,25.0595,25.0674,0.04
2315,25.0735,25.1115,0.035
2316,25.0745,25.1073,0.035
2317,25.0875,25.1007,0.045
2318,25.1465,25.1566,0.035
2319,25.1495,25.1588,0.038
2320,25.1515,25.1847,0.035
2321,25.1765,25.209,0.035
2322,25.1925,25.2061,0.061
2323,25.1985,25.2113,0.079
2324,25.2065,25.2191,0.047
2325,25.2225,25.229,0.036
2326,25.2225,25.2579,0.047
2327,25.2235,25.2298,0.03
2328,25.2245,25.259,0.043
2329,25.2285,25.2481,0.04
2330,25.2425,25.2539,0.032
2331,25.2505,25.2829,0.035
2332,25.2645,25.296,0.031
2333,25.2715,25.3062,0.037
2334,25.2725,25.2845,0.036
2335,25.2785,25.2891,0.04
2336,25.3125,25.3202,0.031
2337,25.3735,25.4086,0.042
2338,25.3745,25.391,0.046
2339,25.3785,25.3945,0.106
2340,25.3805,25.4205,0.041
2341,25.3845,25.4171,0.031
2342,25.3865,25.3969,0.04
2343,25.4145,25.4556,0.031
2344,25.4205,25.4402,0.091
2345,25.4285,25.4412,0.045
2346,25.4375,25.4474,0.04
2347,25.4385,25.4456,0.056
2348,25.4405,25.4821,0.039
2349,25.4425,25.4768,0.03
2350,25.4885,25.499,0.031
2351,25.4965,25.5293,0.04
2352,25.4965,25.5314,0.047
2353,25.5055,25.5405,0.047
2354,25.5155,25.5555,0.038
2355,25.5165,25.5497,0.034
2356,25.5205,25.5277,0.038
2357,25.5585,25.5972,0.031
2358,25.6155,25.6495,0.03
2359,25.6165,25.6604,0.041
2360,25.6435,25.6741,0.032
2361,25.6505,25.6587,0.031
2362,25.6595,25.6692,0.033
2363,25.6685,25.6745,0.044
2364,25.6775,25.7114,0.03
2365,25.6995,25.706,0.058
2366,25.7305,25.7722,0.052
2367,25.7315,25.7667,0.06
2368,25.7475,25.7598,0.059
2369,25.7495,25.7807,0.03
2370,25.7495,25.7901,0.044
2371,25.7545,25.7702,0.125
2372,25.7575,25.767,0.045
2373,25.7595,25.7998,0.039
2374,25.7725,25.7826,0.077
2375,25.8035,25.8358,0.03
2376,25.8105,25.845,0.032
2377,25.8115,25.8211,0.061
2378,25.8435,25.8604,0.073
2379,25.8635,25.879,0.108
2380,25.8645,25.8751,0.156
2381,25.8655,25.901,0.039
2382,25.8665,25.8983,0.032
2383,25.8845,25.8919,0.031
2384,25.9045,25.9123,0.032
2385,25.9065,25.9147,0.031
2386,25.9145,25.948,0.03
2387,25.9485,25.9914,0.031
2388,25.9585,25.9663,0.072
2389,25.9595,25.9977,0.031
2390,25.9925,26.0249,0.031
2391,26.0135,26.0253,0.035
2392,26.0145,26.0447,0.03
2393,26.0225,26.0314,0.038
2394,26.0235,26.0335,0.036
2395,26.0415,26.0556,0.067
2396,26.0495,26.0826,0.038
2397,26.0525,26.094,0.042
2398,26.0585,26.0773,0.04
2399,26.0625,26.0976,0.045
2400,26.0665,26.0838,0.243
2401,26.0685,26.0928,0.11
2402,26.0685,26.1104,0.059
2403,26.0695,26.113,0.156
2404,26.0705,26.0943,0.071
2405,26.0765,26.0931,0.11
2406,26.0805,26.1197,0.046
2407,26.0805,26.1129,0.056
2408,26.0815,26.0997,0.045
2409,26.0865,26.1034,0.067
2410,26.0875,26.098,0.052
2411,26.0875,26.0998,0.051
2412,26.1005,26.1127,0.07
2413,26.1005,26.1131,0.128
2414,26.1005,26.1061,0.045
2415,26.1015,26.1152,0.066
2416,26.1055,26.1413,0.166
2417,26.1075,26.1454,0.068
2418,26.1145,26.1255,0.034
2419,26.1305,26.1381,0.032
2420,26.1335,26.14,0.051
2421,26.1825,26.2134,0.03
2422,26.1875,26.2028,0.044
2423,26.1885,26.199,0.06
2424,26.1975,26.2387,0.041
2425,26.2145,26.2262,0.033
2426,26.2365,26.2465,0.036
2427,26.2375,26.2445,0.039
2428,26.2375,26.2803,0.046
2429,26.2385,26.2752,0.067
2430,26.2595,26.3008,0.061
2431,26.2605,26.2929,0.039
2432,26.2625,26.2688,0.032
2433,26.2945,26.3049,0.034
2434,26.2995,26.3314,0.032
2435,26.3005,26.3429,0.034
2436,26.3075,26.3469,0.035
2437,26.3255,26.3332,0.031
2438,26.3265,26.3681,0.054
2439,26.3485,26.3609,0.047
2440,26.3975,26.4314,0.035
2441,26.4215,26.431,0.037
2442,26.4555,26.4875,0.035
2443,26.4685,26.475,0.035
2444,26.4805,26.4871,0.054
2445,26.4925,26.5023,0.072
2446,26.4935,26.5245,0.045
2447,26.4935,26.5307,0.033
2448,26.5035,26.5464,0.036
2449,26.5445,26.5567,0.033
2450,26.5475,26.5558,0.062
2451,26.5515,26.5911,0.034
2452,26.5725,26.5824,0.038
2453,26.5845,26.5906,0.042
2454,26.5855,26.624,0.056
2455,26.5855,26.593,0.043
2456,26.5865,26.621,0.04
2457,26.6155,26.6231,0.032
2458,26.6175,26.662,0.038
2459,26.6305,26.6409,0.033
2460,26.6535,26.689,0.044
2461,26.6545,26.6961,0.05
2462,26.6575,26.6674,0.03
2463,26.6695,26.6758,0.055
2464,26.6965,26.7305,0.031
2465,26.7225,26.7341,0.037
2466,26.7235,26.7631,0.052
2467,26.7235,26.7595,0.059
2468,26.7285,26.7365,0.031
2469,26.7645,26.8053,0.031
2470,26.7645,26.7991,0.036
2471,26.7865,26.8211,0.031
2472,26.8055,26.8443,0.033
2473,26.8095,26.8444,0.04
2474,26.8095,26.8199,0.05
2475,26.8125,26.8257,0.053
2476,26.8165,26.826,0.058
2477,26.8165,26.8491,0.045
2478,26.8195,26.8258,0.065
2479,26.8215,26.8592,0.034
2480,26.8345,26.8454,0.047
2481,26.8355,26.8426,0.034
2482,26.8575,26.8665,0.031
2483,26.8795,26.8934,0.086
2484,26.8805,26.8904,0.036
2485,26.8815,26.9135,0.031
2486,26.9045,26.916,0.043
2487,26.9045,26.9192,0.049
2488,26.9075,26.9401,0.036
2489,26.9155,26.9229,0.057
2490,26.9275,26.9598,0.03
2491,26.9275,26.9352,0.05
2492,26.9295,26.9439,0.084
2493,26.9335,26.9648,0.03
2494,26.9475,26.9599,0.037
2495,26.9535,26.9966,0.032
2496,26.9625,27.0024,0.031
2497,26.9635,26.9725,0.03
2498,26.9665,27.0,0.033
2499,26.9995,27.0056,0.063
2500,27.0165,27.0497,0.031
2501,27.0205,27.03,0.035
2502,27.0225,27.0323,0.031
2503,27.0625,27.0832,0.17
2504,27.0655,27.1071,0.107
2505,27.0655,27.0784,0.037
2506,27.0675,27.094,0.2
2507,27.0675,27.1074,0.071
2508,27.0695,27.0754,0.033
2509,27.0735,27.0979,0.076
2510,27.0735,27.0877,0.1
2511,27.0755,27.0889,0.03
2512,27.0835,27.1149,0.042
2513,27.0865,27.1001,0.106
2514,27.0875,27.102,0.072
2515,27.0875,27.1034,0.05
2516,27.0895,27.1284,0.055
2517,27.0915,27.1076,0.112
2518,27.0995,27.1084,0.075
2519,27.0995,27.1383,0.03
2520,27.1095,27.1172,0.038
2521,27.1095,27.1162,0.034
2522,27.1125,27.1449,0.192
2523,27.1135,27.1507,0.035
2524,27.1165,27.1283,0.037
2525,27.1195,27.1297,0.042
2526,27.1715,27.1791,0.03
2527,27.1715,27.2042,0.04
2528,27.2115,27.2448,0.051
2529,27.2175,27.261,0.09
2530,27.2195,27.2321,0.073
2531,27.2195,27.2343,0.327
2532,27.2205,27.2454,0.111
2533,27.2205,27.2361,0.27
2534,27.2225,27.2598,0.046
2535,27.2305,27.264,0.03
2536,27.2385,27.2581,0.165
2537,27.2405,27.2794,0.074
2538,27.2415,27.2544,0.033
2539,27.2415,27.2583,0.039
2540,27.2445,27.284,0.041
2541,27.2565,27.2898,0.043
2542,27.2605,27.2692,0.042
2543,27.2685,27.308,0.031
2544,27.2685,27.28,0.158
2545,27.2745,27.2914,0.04
2546,27.2865,27.3055,0.032
2547,27.3055,27.3195,0.044
2548,27.3055,27.3485,0.12
2549,27.3075,27.3442,0.052
2550,27.3085,27.3239,0.116
2551,27.3205,27.3275,0.036
2552,27.3425,27.3813,0.051
2553,27.3425,27.3604,0.176
2554,27.3435,27.3613,0.266
2555,27.3445,27.3792,0.069
2556,27.3615,27.373,0.054
2557,27.3625,27.3942,0.041
2558,27.3645,27.4043,0.038
2559,27.3645,27.3714,0.032
2560,27.3945,27.4356,0.033
2561,27.4095,27.4424,0.036
2562,27.4155,27.4302,0.196
2563,27.4165,27.4292,0.119
2564,27.4225,27.4555,0.035
2565,27.4255,27.4602,0.034
2566,27.4435,27.4552,0.04
2567,27.4445,27.4789,0.04
2568,27.4465,27.4871,0.044
2569,27.4495,27.4587,0.051
2570,27.4525,27.4848,0.03
2571,27.4605,27.479,0.145
2572,27.4615,27.4922,0.03
2573,27.4885,27.5232,0.031
2574,27.5045,27.5181,0.049
2575,27.5085,27.5513,0.045
2576,27.5095,27.5449,0.03
2577,27.5195,27.563,0.03
2578,27.5695,27.5781,0.032
2579,27.5995,27.6127,0.19
2580,27.6075,27.6158,0.069
2581,27.6165,27.6552,0.048
2582,27.6285,27.6591,0.03
2583,27.6385,27.6702,0.035
2584,27.6425,27.6566,0.09
2585,27.6445,27.6595,0.041
2586,27.7025,27.7166,0.033
2587,27.7065,27.7396,0.032
2588,27.7075,27.7466,0.03
2589,27.7075,27.7185,0.044
2590,27.7155,27.7509,0.03
2591,27.7245,27.7668,0.032
2592,27.7275,27.7392,0.053
2593,27.7445,27.7575,0.127
2594,27.7475,27.7796,0.031
2595,27.7475,27.7559,0.068
2596,27.7495,27.7872,0.033
2597,27.7625,27.77,0.031
2598,27.7755,27.806,0.03
2599,27.7885,27.8218,0.032
2600,27.7955,27.8047,0.047
2601,27.7965,27.8339,0.033
2602,27.8195,27.8265,0.034
2603,27.8305,27.8408,0.041
2604,27.8355,27.8424,0.037
2605,27.8365,27.8756,0.053
2606,27.8375,27.8743,0.04
2607,27.8465,27.8829,0.036
2608,27.8485,27.8594,0.03
2609,27.8495,27.8587,0.036
2610,27.8865,27.9269,0.032
2611,27.8865,27.9183,0.034
2612,27.8985,27.9054,0.041
2613,27.9205,27.9275,0.031
2614,27.9215,27.954,0.033
2615,27.9415,27.9777,0.048
2616,27.9415,27.986,0.043
2617,27.9415,27.9492,0.048
2618,27.9935,28.0002,0.039
2619,28.0005,28.0325,0.031
2620,28.0155,28.0269,0.051
2621,28.0685,28.0995,0.032
2622,28.0695,28.0772,0.031
2623,28.0765,28.0845,0.032
2624,28.0955,28.1394,0.041
2625,28.1225,28.1645,0.033
2626,28.1675,28.2076,0.123
2627,28.1675,28.1851,0.187
2628,28.1685,28.1769,0.035
2629,28.1695,28.193,0.306
2630,28.1695,28.1878,0.036
2631,28.1705,28.1854,0.038
2632,28.1725,28.211,0.069
2633,28.1725,28.1972,0.165
2634,28.1765,28.1897,0.035
2635,28.1775,28.1882,0.063
2636,28.1835,28.207,0.076
2637,28.1845,28.222,0.046
2638,28.1905,28.2096,0.186
2639,28.1935,28.2351,0.058
2640,28.1935,28.2215,0.081
2641,28.1945,28.2095,0.056
2642,28.2005,28.2187,0.115
2643,28.2035,28.213,0.05
2644,28.2115,28.2523,0.126
2645,28.2175,28.2302,0.132
2646,28.2175,28.2296,0.114
2647,28.2185,28.224,0.03
2648,28.2215,28.2566,0.03
2649,28.2335,28.2527,0.038
2650,28.2355,28.271,0.063
2651,28.2365,28.2717,0.03
2652,28.2545,28.2869,0.045
2653,28.2565,28.2727,0.236
2654,28.2565,28.2741,0.123
2655,28.2575,28.2712,0.033
2656,28.2585,28.2952,0.064
2657,28.2595,28.2685,0.268
2658,28.2715,28.2853,0.07
2659,28.2715,28.3081,0.072
2660,28.2775,28.2886,0.05
2661,28.2805,28.3155,0.045
2662,28.2885,28.3003,0.034
2663,28.2935,28.3034,0.185
2664,28.2945,28.3088,0.049
2665,28.2945,28.3354,0.09
2666,28.2975,28.3314,0.042
2667,28.3255,28.333,0.03
2668,28.3295,28.3612,0.034
2669,28.3355,28.3729,0.041
2670,28.3645,28.396,0.031
2671,28.3665,28.4042,0.031
2672,28.3725,28.4039,0.033
2673,28.3805,28.3888,0.043
2674,28.4135,28.448,0.045
2675,28.4145,28.4261,0.068
2676,28.4415,28.4531,0.037
2677,28.4575,28.4707,0.035
2678,28.4595,28.5011,0.032
2679,28.4745,28.5076,0.031
2680,28.4765,28.4928,0.104
2681,28.4775,28.4934,0.121
2682,28.4785,28.5153,0.053
2683,28.5035,28.5141,0.034
2684,28.5045,28.5436,0.031
2685,28.5515,28.563,0.032
2686,28.5525,28.5924,0.037
2687,28.5535,28.5867,0.034
2688,28.5715,28.6103,0.032
2689,28.5725,28.6081,0.044
2690,28.5725,28.583,0.137
2691,28.5885,28.5956,0.031
2692,28.5885,28.5987,0.068
2693,28.6245,28.6317,0.035
2694,28.6305,28.6629,0.031
2695,28.6415,28.6821,0.03
2696,28.6585,28.6693,0.036
2697,28.6605,28.7033,0.032
2698,28.6635,28.6986,0.031
2699,28.6695,28.7015,0.031
2700,28.6995,28.7065,0.036
2701,28.7005,28.7303,0.037
2702,28.7105,28.743,0.044
2703,28.7115,28.7527,0.048
2704,28.7215,28.7558,0.036
2705,28.7225,28.7284,0.065
2706,28.7415,28.7768,0.033
2707,28.7425,28.7844,0.036
2708,28.7585,28.7687,0.03
2709,28.7715,28.8018,0.041
2710,28.7865,28.8231,0.033
2711,28.7935,28.8032,0.031
2712,28.8155,28.8492,0.03
2713,28.8225,28.8306,0.035
2714,28.8355,28.8473,0.048
2715,28.8385,28.877,0.033
2716,28.8405,28.8746,0.046
2717,28.8725,28.8801,0.032
2718,28.8745,28.8829,0.035
2719,28.8765,28.9079,0.032
2720,28.9345,28.9491,0.043
2721,28.9785,29.0106,0.035
2722,28.9855,29.0282,0.031
2723,28.9865,28.9959,0.033
2724,28.9895,29.0268,0.032
2725,29.0215,29.0318,0.036
2726,29.0335,29.074,0.034
2727,29.0755,29.0831,0.035
2728,29.0755,29.1182,0.035
2729,29.1085,29.1401,0.031
2730,29.1385,29.1466,0.032
2731,29.1605,29.1992,0.038
2732,29.1635,29.197,0.031
2733,29.1905,29.221,0.03
2734,29.2015,29.2397,0.034
2735,29.2025,29.2095,0.043
2736,29.2045,29.2377,0.036
2737,29.2445,29.2793,0.047
2738,29.2475,29.264,0.215
2739,29.2485,29.2641,0.182
2740,29.2515,29.2927,0.125
2741,29.2545,29.2733,0.037
2742,29.2615,29.2767,0.116
2743,29.2625,29.2799,0.04
2744,29.2625,29.3022,0.164
2745,29.2635,29.3021,0.048
2746,29.2705,29.2811,0.037
2747,29.2705,29.2873,0.047
2748,29.2715,29.308,0.036
2749,29.2755,29.2908,0.07
2750,29.2845,29.297,0.11
2751,29.2875,29.3222,0.06
2752,29.3105,29.3421,0.031
2753,29.3195,29.3271,0.03
2754,29.3215,29.3533,0.032
2755,29.3395,29.3524,0.104
2756,29.3395,29.3548,0.062
2757,29.3495,29.3794,0.033
2758,29.3515,29.39,0.035
2759,29.3625,29.3727,0.053
2760,29.3655,29.4071,0.037
2761,29.4115,29.4245,0.058
2762,29.4125,29.4268,0.209
2763,29.4135,29.4508,0.035
2764,29.4145,29.4483,0.05
2765,29.4395,29.4457,0.031
2766,29.4405,29.4479,0.031
2767,29.4405,29.4733,0.035
2768,29.4675,29.4918,0.252
2769,29.4695,29.5035,0.05
2770,29.4695,29.4843,0.159
2771,29.4705,29.5097,0.05
2772,29.4815,29.5105,0.037
2773,29.4915,29.5247,0.038
2774,29.4955,29.5085,0.043
2775,29.4965,29.5297,0.038
2776,29.4965,29.5057,0.048
2777,29.4975,29.5332,0.057
2778,29.5335,29.5655,0.03
2779,29.5385,29.5699,0.03
2780,29.5625,29.5693,0.041
2781,29.5685,29.6023,0.031
2782,29.5995,29.6346,0.03
2783,29.6035,29.6116,0.035
2784,29.6125,29.6202,0.041
2785,29.6125,29.645,0.031
2786,29.6325,29.6401,0.042
2787,29.6335,29.6659,0.03
2788,29.6785,29.7215,0.049
2789,29.6795,29.7136,0.036
2790,29.7055,29.7132,0.031
2791,29.7075,29.7148,0.035
2792,29.7085,29.7149,0.034
2793,29.7515,29.7625,0.042
2794,29.7555,29.7652,0.149
2795,29.8215,29.8324,0.039
2796,29.8425,29.8482,0.06
2797,29.8425,29.8509,0.079
2798,29.8435,29.8821,0.051
2799,29.8435,29.8755,0.045
2800,29.8715,29.8789,0.042
2801,29.8995,29.9392,0.034
2802,29.9005,29.9071,0.03
2803,29.9245,29.9657,0.038
2804,29.9385,29.9468,0.031
2805,29.9495,29.9609,0.042
2806,29.9685,29.9768,0.057
2807,29.9695,29.9882,0.11
2808,29.9865,29.9926,0.048
2809,29.9875,30.0294,0.038
2810,29.9875,29.9947,0.067
2811,29.9895,30.0243,0.042
2812,30.0205,30.035,0.058
2813,30.0215,30.0674,0.183
2814,30.0215,30.0356,0.296
2815,30.0225,30.0411,0.039
2816,30.0225,30.0661,0.073
2817,30.0245,30.0514,0.156
2818,30.0245,30.042,0.12
2819,30.0355,30.0701,0.04
2820,30.0365,30.0586,0.052
2821,30.0435,30.0621,0.223
2822,30.0445,30.0758,0.074
2823,30.0455,30.0841,0.052
2824,30.0555,30.0652,0.052
2825,30.0565,30.0787,0.047
2826,30.0575,30.0947,0.032
2827,30.0695,30.1133,0.077
2828,30.0715,30.0891,0.059
2829,30.0795,30.1146,0.05
2830,30.0805,30.1004,0.037
2831,30.0815,30.094,0.082
2832,30.0995,30.136,0.103
2833,30.1005,30.1129,0.035
2834,30.1005,30.1376,0.068
2835,30.1025,30.1206,0.061
2836,30.1255,30.1394,0.1
2837,30.1285,30.1396,0.069
2838,30.1305,30.1611,0.038
2839,30.1305,30.1638,0.033
2840,30.1705,30.211,0.046
2841,30.1965,30.2316,0.034
2842,30.1965,30.2126,0.226
2843,30.1985,30.2163,0.179
2844,30.2025,30.2365,0.036
2845,30.2165,30.2278,0.031
2846,30.2665,30.3056,0.03
2847,30.2765,30.2832,0.042
2848,30.2805,30.3128,0.034
2849,30.2965,30.3064,0.031
2850,30.3195,30.3543,0.032
2851,30.3275,30.3706,0.067
2852,30.3805,30.4117,0.03
2853,30.3855,30.4291,0.032
2854,30.4085,30.4214,0.052
2855,30.4155,30.4486,0.038
2856,30.4155,30.4547,0.033
2857,30.4275,30.4587,0.036
2858,30.4905,30.5022,0.033
2859,30.4925,30.5046,0.062
2860,30.4935,30.5267,0.043
2861,30.4935,30.5346,0.041
2862,30.5105,30.5442,0.034
2863,30.5205,30.5603,0.03
2864,30.5225,30.5335,0.052
2865,30.5235,30.5337,0.05
2866,30.5245,30.5568,0.036
2867,30.5505,30.5935,0.032
2868,30.5585,30.5638,0.065
2869,30.5595,30.5949,0.042
2870,30.5595,30.597,0.041
2871,30.6675,30.6815,0.063
2872,30.6675,30.7029,0.035
2873,30.6695,30.6797,0.091
2874,30.6765,30.69,0.046
2875,30.6765,30.7193,0.126
2876,30.6935,30.7017,0.05
2877,30.6955,30.7335,0.032
2878,30.7065,30.7471,0.031
2879,30.7275,30.7378,0.056
2880,30.7665,30.8056,0.032
2881,30.8005,30.8163,0.163
2882,30.8015,30.8362,0.044
2883,30.8025,30.8406,0.072
2884,30.8025,30.8113,0.188
2885,30.8165,30.83,0.042
2886,30.8525,30.8632,0.038
2887,30.8685,30.8788,0.034
2888,30.8785,30.9114,0.04
2889,30.8995,30.9065,0.041
2890,30.9185,30.9267,0.04
2891,30.9355,30.9767,0.031
2892,30.9485,30.9829,0.041
2893,30.9645,31.0073,0.046
2894,30.9875,30.9957,0.047
2895,31.0335,31.0403,0.047
2896,31.0465,31.0783,0.034
2897,31.0495,31.0604,0.04
2898,31.0505,31.0924,0.038
2899,31.0695,31.0877,0.341
2900,31.0705,31.0896,0.034
2901,31.0705,31.114,0.128
2902,31.0705,31.0767,0.04
2903,31.0705,31.1155,0.06
2904,31.0715,31.0948,0.19
2905,31.0745,31.1062,0.103
2906,31.0795,31.1111,0.036
2907,31.0805,31.0995,0.069
2908,31.0835,31.1044,0.048
2909,31.0955,31.1125,0.179
2910,31.1015,31.1415,0.055
2911,31.1055,31.1443,0.073
2912,31.1065,31.1148,0.051
2913,31.1065,31.1274,0.054
2914,31.1165,31.1567,0.09
2915,31.1165,31.1267,0.048
2916,31.1205,31.1371,0.076
2917,31.1205,31.1358,0.062
2918,31.1265,31.1323,0.074
2919,31.1295,31.1416,0.039
2920,31.1335,31.1689,0.043
2921,31.1375,31.1751,0.043
2922,31.1455,31.1513,0.038
2923,31.1575,31.1909,0.036
2924,31.1575,31.1745,0.108
2925,31.1585,31.1729,0.214
2926,31.1605,31.1927,0.051
2927,31.1735,31.2099,0.047
2928,31.1735,31.181,0.03
2929,31.2045,31.2359,0.033
2930,31.2435,31.2547,0.038
2931,31.2695,31.2825,0.039
2932,31.2705,31.2782,0.03
2933,31.3095,31.3198,0.047
2934,31.3195,31.3505,0.032
2935,31.3385,31.3712,0.032
2936,31.3585,31.3663,0.034
2937,31.3975,31.4296,0.031
2938,31.4245,31.4566,0.034
2939,31.4255,31.4321,0.03
2940,31.4295,31.4381,0.031
2941,31.4935,31.526,0.032
2942,31.5165,31.5552,0.033
2943,31.5165,31.53,0.033
2944,31.5175,31.5245,0.032
2945,31.5195,31.5543,0.031
2946,31.5305,31.5398,0.03
2947,31.5385,31.5707,0.03
2948,31.5445,31.5804,0.03
2949,31.5465,31.5534,0.03
2950,31.6095,31.6155,0.036
2951,31.6145,31.6463,0.047
2952,31.6205,31.6317,0.037
2953,31.6245,31.6645,0.038
2954,31.6395,31.6501,0.03
2955,31.6485,31.6565,0.039
2956,31.6485,31.6866,0.036
2957,31.6485,31.6543,0.046
2958,31.6515,31.6853,0.043
2959,31.6625,31.6745,0.045
2960,31.7095,31.7499,0.03
2961,31.7155,31.7387,0.147
2962,31.7325,31.768,0.045
2963,31.7365,31.7822,0.068
2964,31.7375,31.7449,0.03
2965,31.7385,31.7568,0.205
2966,31.7385,31.753,0.205
2967,31.7395,31.7584,0.19
2968,31.7405,31.7827,0.048
2969,31.7425,31.784,0.069
2970,31.7445,31.7764,0.21
2971,31.7455,31.7833,0.049
2972,31.7505,31.7899,0.061
2973,31.7515,31.7665,0.087
2974,31.7555,31.7709,0.033
2975,31.7595,31.7964,0.036
2976,31.7605,31.7885,0.037
2977,31.7645,31.7837,0.162
2978,31.7655,31.7798,0.036
2979,31.7675,31.7937,0.055
2980,31.7685,31.784,0.049
2981,31.7685,31.8083,0.049
2982,31.7705,31.7863,0.103
2983,31.7745,31.7834,0.054
2984,31.7845,31.8216,0.036
2985,31.7865,31.8262,0.09
2986,31.7875,31.7954,0.073
2987,31.7925,31.8288,0.046
2988,31.7935,31.803,0.045
2989,31.8125,31.8233,0.036
2990,31.8205,31.8604,0.034
2991,31.8395,31.8501,0.051
2992,31.8425,31.8485,0.04
2993,31.8435,31.8821,0.053
2994,31.8455,31.878,0.038
2995,31.8845,31.895,0.031
2996,31.8915,31.9252,0.035
2997,31.8915,31.8985,0.04
2998,31.9095,31.923,0.131
2999,31.9105,31.9213,0.119
3000,31.9135,31.9499,0.038
3001,31.9285,31.9433,0.073
3002,31.9575,31.9897,0.036
3003,31.9725,32.0137,0.036
3004,31.9965,32.002,0.03
3005,31.9975,32.005,0.038
3006,32.0165,32.0291,0.059
3007,32.0565,32.0878,0.032
3008,32.0905,32.0994,0.037
3009,32.0905,32.1308,0.034
3010,32.0925,32.1242,0.051
3011,32.1015,32.136,0.071
3012,32.1055,32.1444,0.172
3013,32.1065,32.1225,0.162
3014,32.1085,32.1311,0.052
3015,32.1085,32.1214,0.296
3016,32.1245,32.1423,0.123
3017,32.1255,32.1617,0.18
3018,32.1265,32.1484,0.099
3019,32.1295,32.1379,0.03
3020,32.1315,32.1709,0.049
3021,32.1315,32.1526,0.137
3022,32.1385,32.1481,0.042
3023,32.1525,32.1655,0.108
3024,32.1545,32.1744,0.066
3025,32.1565,32.2008,0.134
3026,32.1605,32.1964,0.064
3027,32.1655,32.1761,0.035
3028,32.1785,32.191,0.075
3029,32.1815,32.1895,0.033
3030,32.1965,32.2054,0.035
3031,32.2225,32.2668,0.033
3032,32.2225,32.2297,0.037
3033,32.2255,32.2578,0.032
3034,32.2675,32.2808,0.036
3035,32.2685,32.2779,0.037
3036,32.2735,32.3055,0.032
3037,32.3005,32.3434,0.038
3038,32.3235,32.3555,0.03
3039,32.3245,32.3664,0.031
3040,32.3585,32.3895,0.032
3041,32.3615,32.3681,0.042
3042,32.3775,32.3878,0.097
3043,32.3985,32.4387,0.03
3044,32.4375,32.4474,0.035
3045,32.4385,32.4506,0.048
3046,32.4815,32.4894,0.03
3047,32.4855,32.4959,0.036
3048,32.4885,32.52,0.035
3049,32.5185,32.5365,0.245
3050,32.5185,32.5363,0.045
3051,32.5195,32.544,0.117
3052,32.5195,32.5636,0.126
3053,32.5215,32.5506,0.206
3054,32.5235,32.5622,0.069
3055,32.5355,32.5692,0.045
3056,32.5405,32.5587,0.168
3057,32.5415,32.5591,0.038
3058,32.5465,32.5838,0.074
3059,32.5475,32.586,0.052
3060,32.5485,32.5661,0.086
3061,32.5525,32.5619,0.039
3062,32.5615,32.5954,0.031
3063,32.5625,32.5752,0.065
3064,32.5625,32.6034,0.057
3065,32.5635,32.5729,0.05
3066,32.5945,32.6056,0.033
3067,32.5955,32.6378,0.059
3068,32.5985,32.6326,0.04
3069,32.6215,32.6593,0.047
3070,32.6245,32.6339,0.038
3071,32.6365,32.6789,0.045
3072,32.6625,32.6938,0.031
3073,32.6755,32.6875,0.037
3074,32.6765,32.6864,0.097
3075,32.6815,32.7209,0.03
3076,32.6915,32.6984,0.069
3077,32.7165,32.7552,0.03
3078,32.7235,32.7536,0.032
3079,32.7345,32.7674,0.036
3080,32.7445,32.7748,0.03
3081,32.8095,32.8216,0.126
3082,32.8285,32.836,0.03
3083,32.8565,32.8915,0.04
3084,32.8705,32.905,0.031
3085,32.8735,32.908,0.036
3086,32.9245,32.9655,0.032
3087,32.9325,32.9406,0.036
3088,32.9405,32.9727,0.032
3089,32.9515,32.9826,0.03
3090,32.9795,32.9867,0.089
3091,32.9795,32.9892,0.035
3092,32.9805,33.0151,0.041
3093,32.9815,33.0218,0.035
3094,32.9955,33.003,0.035
3095,32.9995,33.0327,0.034
3096,33.0125,33.021,0.034
3097,33.0175,33.0315,0.075
3098,33.0455,33.0537,0.104
3099,33.0455,33.0548,0.059
3100,33.0465,33.0809,0.032
3101,33.0495,33.0874,0.032
3102,33.0675,33.0787,0.035
3103,33.0675,33.1008,0.05
3104,33.0675,33.1025,0.046
3105,33.0675,33.0781,0.047
3106,33.0975,33.1394,0.038
3107,33.1035,33.1343,0.037
3108,33.1095,33.1286,0.132
3109,33.1165,33.1521,0.054
3110,33.1185,33.1605,0.096
3111,33.1205,33.1381,0.051
3112,33.1215,33.1392,0.087
3113,33.1225,33.1615,0.042
3114,33.1225,33.1357,0.131
3115,33.1235,33.148,0.173
3116,33.1405,33.1603,0.152
3117,33.1445,33.1849,0.06
3118,33.1445,33.1792,0.116
3119,33.1515,33.1672,0.06
3120,33.1535,33.1706,0.1
3121,33.1695,33.1842,0.093
3122,33.1735,33.1893,0.051
3123,33.1735,33.2112,0.067
3124,33.1835,33.2169,0.04
3125,33.1895,33.2296,0.03
3126,33.1935,33.204,0.043
3127,33.2105,33.2168,0.034
3128,33.2225,33.2551,0.035
3129,33.2715,33.2832,0.034
3130,33.2935,33.3026,0.106
3131,33.2955,33.3331,0.059
3132,33.2965,33.3023,0.096
3133,33.2965,33.3348,0.048
3134,33.3535,33.3615,0.031
3135,33.3555,33.3944,0.03
3136,33.3595,33.37,0.082
3137,33.3785,33.4208,0.034
3138,33.3985,33.4103,0.041
3139,33.4245,33.4351,0.044
3140,33.4345,33.4434,0.032
3141,33.4345,33.4494,0.149
3142,33.4685,33.4802,0.03
3143,33.4945,33.526,0.03
3144,33.5005,33.5104,0.03
3145,33.5145,33.5272,0.031
3146,33.5155,33.5244,0.033
3147,33.5355,33.5454,0.037
3148,33.5485,33.5936,0.062
3149,33.5515,33.5702,0.402
3150,33.5525,33.6013,0.088
3151,33.5525,33.5753,0.076
3152,33.5535,33.5784,0.147
3153,33.5545,33.5821,0.245
3154,33.5635,33.5757,0.064
3155,33.5695,33.6043,0.042
3156,33.5755,33.6109,0.042
3157,33.5755,33.5924,0.242
3158,33.5795,33.6162,0.111
3159,33.5795,33.5937,0.06
3160,33.5835,33.623,0.039
3161,33.5865,33.5934,0.038
3162,33.5875,33.6082,0.061
3163,33.5925,33.6306,0.035
3164,33.5935,33.6053,0.036
3165,33.5985,33.6405,0.126
3166,33.5995,33.6107,0.105
3167,33.6045,33.6172,0.038
3168,33.6055,33.6439,0.033
3169,33.6075,33.6187,0.109
3170,33.6185,33.6391,0.052
3171,33.6565,33.6885,0.032
3172,33.6565,33.6642,0.033
3173,33.6645,33.7047,0.031
3174,33.6765,33.6907,0.045
3175,33.7155,33.7294,0.234
3176,33.7175,33.7254,0.051
3177,33.7195,33.7513,0.032
3178,33.7195,33.7588,0.038
3179,33.7325,33.7508,0.213
3180,33.7335,33.7446,0.05
3181,33.7355,33.7679,0.037
3182,33.7605,33.7677,0.03
3183,33.7775,33.7866,0.049
3184,33.8085,33.819,0.036
3185,33.8235,33.8565,0.03
3186,33.8655,33.8975,0.03
3187,33.8945,33.9082,0.05
3188,33.8975,33.9081,0.039
3189,33.9455,33.9766,0.03
3190,33.9675,33.9986,0.03
3191,33.9915,34.0263,0.037
3192,33.9965,34.0312,0.036
3193,33.9975,34.0143,0.212
3194,33.9985,34.014,0.037
3195,33.9985,34.0231,0.084
3196,33.9995,34.0404,0.062
3197,33.9995,34.0438,0.24
3198,34.0015,34.0203,0.151
3199,34.0165,34.0354,0.128
3200,34.0175,34.0543,0.039
3201,34.0195,34.0531,0.082
3202,34.0225,34.0402,0.047
3203,34.0275,34.0506,0.066
3204,34.0285,34.0648,0.034
3205,34.0285,34.0339,0.035
3206,34.0325,34.0437,0.03
3207,34.0475,34.058,0.062
3208,34.0595,34.0736,0.035
3209,34.0615,34.1045,0.065
3210,34.0625,34.0953,0.033
3211,34.0845,34.1219,0.035
3212,34.0865,34.1192,0.033
3213,34.0945,34.1244,0.032
3214,34.1015,34.1319,0.032
3215,34.1015,34.1392,0.031
3216,34.1205,34.13,0.044
3217,34.1665,34.1723,0.033
3218,34.1675,34.1999,0.041
3219,34.1675,34.1777,0.095
3220,34.1875,34.2212,0.03
3221,34.1905,34.2325,0.036
3222,34.2515,34.2924,0.034
3223,34.2525,34.2623,0.041
3224,34.2535,34.287,0.038
3225,34.2535,34.2662,0.046
3226,34.2915,34.3259,0.045
3227,34.2915,34.2995,0.034
3228,34.3015,34.3199,0.032
3229,34.3075,34.3185,0.033
3230,34.3185,34.3578,0.034
3231,34.3355,34.3486,0.064
3232,34.3695,34.4108,0.043
3233,34.3945,34.4272,0.031
3234,34.3945,34.4371,0.033
3235,34.4405,34.4529,0.062
3236,34.4415,34.449,0.031
3237,34.4575,34.4678,0.034
3238,34.4645,34.5066,0.03
3239,34.4895,34.5221,0.03
3240,34.5135,34.548,0.035
3241,34.5195,34.558,0.059
3242,34.5205,34.5513,0.03
3243,34.5215,34.5372,0.205
3244,34.5225,34.5465,0.173
3245,34.5245,34.5321,0.036
3246,34.5245,34.568,0.243
3247,34.5275,34.548,0.073
3248,34.5295,34.5453,0.156
3249,34.5335,34.5715,0.045
3250,34.5345,34.5533,0.056
3251,34.5385,34.5525,0.095
3252,34.5415,34.5499,0.037
3253,34.5635,34.6031,0.031
3254,34.5695,34.5992,0.03
3255,34.5765,34.615,0.031
3256,34.5975,34.631,0.039
3257,34.7055,34.7132,0.034
3258,34.7115,34.7437,0.031
3259,34.7285,34.7424,0.247
3260,34.7295,34.7439,0.252
3261,34.7295,34.7655,0.056
3262,34.7305,34.7684,0.056
3263,34.7745,34.8167,0.034
3264,34.8165,34.8467,0.031
3265,34.8235,34.8536,0.031
3266,34.8755,34.8855,0.036
3267,34.8785,34.8891,0.101
3268,34.8805,34.9125,0.033
3269,34.9015,34.9334,0.043
3270,34.9175,34.9252,0.045
3271,34.9255,34.9563,0.031
3272,34.9375,34.948,0.061
3273,34.9435,34.9532,0.074
3274,34.9465,34.9521,0.051
3275,34.9475,34.985,0.05
3276,34.9505,34.983,0.044
3277,34.9735,34.9821,0.041
3278,34.9735,35.0176,0.056
3279,34.9745,35.0109,0.045
3280,34.9855,34.9952,0.031
3281,34.9875,35.0255,0.035
3282,35.0075,35.0218,0.038
3283,35.0075,35.0148,0.035
3284,35.0095,35.0414,0.031
3285,35.0425,35.0832,0.043
3286,35.0425,35.074,0.032
3287,35.0575,35.0967,0.049
3288,35.0585,35.0999,0.264
3289,35.0605,35.0759,0.265
3290,35.0615,35.0766,0.06
3291,35.0635,35.0713,0.038
3292,35.0635,35.0837,0.279
3293,35.0635,35.0871,0.031
3294,35.0645,35.1046,0.048
3295,35.0665,35.0798,0.113
3296,35.0705,35.1032,0.036
3297,35.0755,35.084,0.039
3298,35.0795,35.0863,0.031
3299,35.0815,35.1097,0.037
3300,35.1085,35.1153,0.032
3301,35.1085,35.1444,0.038
3302,35.1125,35.145,0.035
3303,35.1175,35.1253,0.058
3304,35.1175,35.128,0.058
3305,35.1415,35.1526,0.072
3306,35.1415,35.1493,0.038
3307,35.1425,35.183,0.054
3308,35.1425,35.1736,0.048
3309,35.1535,35.1838,0.041
3310,35.1595,35.1933,0.036
3311,35.1595,35.1955,0.034
3312,35.1665,35.1994,0.036
3313,35.1755,35.2078,0.035
3314,35.1755,35.1885,0.082
3315,35.1785,35.2087,0.038
3316,35.1785,35.1926,0.189
3317,35.2055,35.2378,0.031
3318,35.2185,35.2258,0.034
3319,35.2505,35.2911,0.035
3320,35.2795,35.316,0.032
3321,35.3065,35.3446,0.033
3322,35.3075,35.3182,0.038
3323,35.3105,35.3182,0.036
3324,35.3115,35.3321,0.031
3325,35.3305,35.3418,0.049
3326,35.3315,35.3664,0.044
3327,35.3315,35.3443,0.104
3328,35.3335,35.3678,0.04
3329,35.3915,35.4315,0.047
3330,35.3925,35.4017,0.031
3331,35.4015,35.4097,0.03
3332,35.4035,35.4365,0.034
3333,35.4095,35.4502,0.032
3334,35.4245,35.4569,0.034
3335,35.4345,35.4477,0.032
3336,35.4345,35.4466,0.041
3337,35.4365,35.4702,0.031
3338,35.4615,35.47,0.03
3339,35.4895,35.5261,0.04
3340,35.4895,35.5245,0.039
3341,35.4955,35.509,0.043
3342,35.4955,35.5066,0.032
3343,35.5125,35.5503,0.03
3344,35.5345,35.5746,0.035
3345,35.5485,35.5602,0.032
3346,35.5785,35.5952,0.125
3347,35.5805,35.5901,0.043
3348,35.5815,35.6126,0.032
3349,35.6035,35.6414,0.031
3350,35.6075,35.6437,0.032
3351,35.6405,35.6554,0.032
3352,35.6525,35.6621,0.067
3353,35.6565,35.6943,0.032
3354,35.6585,35.6912,0.04
3355,35.6685,35.6764,0.037
3356,35.6765,35.688,0.087
3357,35.6805,35.722,0.031
3358,35.7045,35.7382,0.038
3359,35.7045,35.7132,0.033
3360,35.7055,35.7434,0.036
3361,35.7195,35.7558,0.037
3362,35.7475,35.7571,0.032
3363,35.7565,35.767,0.03
3364,35.7645,35.7744,0.031
3365,35.8145,35.8599,0.151
3366,35.8145,35.8266,0.122
3367,35.8155,35.8304,0.347
3368,35.8155,35.8433,0.102
3369,35.8165,35.862,0.076
3370,35.8185,35.8468,0.311
3371,35.8185,35.8327,0.052
3372,35.8295,35.8408,0.038
3373,35.8315,35.8612,0.038
3374,35.8315,35.869,0.031
3375,35.8385,35.8582,0.216
3376,35.8405,35.8606,0.035
3377,35.8425,35.8796,0.137
3378,35.8435,35.8562,0.048
3379,35.8465,35.8834,0.043
3380,35.8515,35.8582,0.034
3381,35.8525,35.8921,0.111
3382,35.8565,35.8656,0.042
3383,35.8565,35.8775,0.095
3384,35.8575,35.8669,0.031
3385,35.8655,35.8808,0.09
3386,35.8655,35.9078,0.083
3387,35.8675,35.9057,0.044
3388,35.8725,35.8815,0.084
3389,35.8725,35.8872,0.05
3390,35.8735,35.9095,0.039
3391,35.8805,35.9167,0.035
3392,35.9135,35.9211,0.033
3393,35.9145,35.9461,0.032
3394,35.9165,35.954,0.04
3395,35.9275,35.9698,0.052
3396,35.9325,35.968,0.035
3397,35.9425,35.9548,0.03
3398,35.9525,35.9633,0.032
3399,35.9535,35.9857,0.034
3400,35.9535,35.9968,0.043
3401,36.0185,36.0333,0.088
3402,36.0185,36.0357,0.219
3403,36.0195,36.0588,0.077
3404,36.0205,36.0613,0.154
3405,36.0215,36.0394,0.243
3406,36.0215,36.0453,0.115
3407,36.0365,36.0534,0.103
3408,36.0375,36.0526,0.039
3409,36.0385,36.0724,0.058
3410,36.0405,36.0791,0.046
3411,36.0445,36.0544,0.037
3412,36.0495,36.0799,0.03
3413,36.0505,36.0692,0.074
3414,36.0615,36.0743,0.055
3415,36.0615,36.0772,0.039
3416,36.0625,36.1027,0.053
3417,36.0685,36.1026,0.033
3418,36.0995,36.1057,0.038
3419,36.0995,36.1358,0.032
3420,36.1005,36.1082,0.036
3421,36.1015,36.1336,0.054
3422,36.1015,36.11,0.033
3423,36.1255,36.1312,0.044
3424,36.1305,36.1596,0.034
3425,36.1455,36.1828,0.033
3426,36.1495,36.1812,0.03
3427,36.1715,36.1824,0.062
3428,36.1755,36.21,0.033
3429,36.1915,36.2309,0.036
3430,36.1925,36.2026,0.11
3431,36.2065,36.2393,0.042
3432,36.2135,36.2516,0.034
3433,36.2475,36.2539,0.065
3434,36.2805,36.2892,0.039
3435,36.2815,36.3151,0.034
3436,36.2915,36.3219,0.031
3437,36.2995,36.3105,0.038
3438,36.3195,36.3287,0.037
3439,36.3335,36.3523,0.103
3440,36.3655,36.3961,0.036
3441,36.3745,36.4093,0.039
3442,36.3865,36.394,0.037
3443,36.3935,36.4041,0.037
3444,36.3965,36.4333,0.032
3445,36.4015,36.4358,0.031
3446,36.4315,36.4427,0.035
3447,36.4335,36.4678,0.047
3448,36.4385,36.4779,0.05
3449,36.4645,36.4757,0.033
3450,36.4705,36.5091,0.03
3451,36.4715,36.4785,0.03
3452,36.4725,36.482,0.067
3453,36.4735,36.5065,0.033
3454,36.5005,36.5104,0.032
3455,36.5145,36.5605,0.177
3456,36.5155,36.5551,0.081
3457,36.5165,36.5344,0.261
3458,36.5165,36.5356,0.06
3459,36.5195,36.5469,0.169
3460,36.5205,36.5437,0.138
3461,36.5235,36.54,0.071
3462,36.5285,36.55,0.082
3463,36.5365,36.554,0.191
3464,36.5385,36.5572,0.044
3465,36.5405,36.5662,0.058
3466,36.5405,36.5792,0.048
3467,36.5435,36.5567,0.039
3468,36.5485,36.5648,0.12
3469,36.5555,36.5937,0.101
3470,36.5585,36.5709,0.048
3471,36.5625,36.5698,0.114
3472,36.5665,36.6004,0.048
3473,36.5775,36.5999,0.086
3474,36.6015,36.6113,0.034
3475,36.6025,36.6442,0.066
3476,36.6055,36.6399,0.04
3477,36.6205,36.6317,0.037
3478,36.6365,36.6766,0.033
3479,36.6445,36.6847,0.036
3480,36.6655,36.6737,0.033
3481,36.7025,36.7336,0.031
3482,36.7445,36.7894,0.04
3483,36.7455,36.7806,0.03
3484,36.7715,36.7837,0.059
3485,36.7765,36.8218,0.034
3486,36.8225,36.8335,0.071
3487,36.8295,36.8706,0.031
3488,36.8455,36.852,0.033
3489,36.8455,36.8801,0.035
3490,36.9035,36.9144,0.054
3491,36.9065,36.9158,0.036
3492,36.9065,36.9409,0.034
3493,36.9075,36.9437,0.037
3494,36.9125,36.9211,0.036
3495,36.9355,36.9452,0.036
3496,36.9455,36.9941,0.127
3497,36.9465,36.9892,0.054
3498,36.9475,36.9662,0.286
3499,36.9485,36.9649,0.086
3500,36.9485,36.9653,0.255
3501,36.9525,36.9831,0.119
3502,36.9605,36.994,0.054
3503,36.9675,37.0017,0.031
3504,36.9725,36.9921,0.136
3505,36.9755,37.0008,0.101
3506,36.9805,37.0168,0.068
3507,36.9825,36.9929,0.036
3508,36.9835,36.9989,0.118
3509,36.9845,36.9938,0.062
3510,36.9845,37.0139,0.051
3511,36.9895,36.9986,0.066
3512,36.9935,37.0048,0.095
3513,37.0015,37.0404,0.039
3514,37.0045,37.0377,0.04
3515,37.0405,37.0516,0.089
3516,37.0435,37.0508,0.03
3517,37.0465,37.0796,0.032
3518,37.0675,37.0973,0.03
3519,37.0675,37.1016,0.032
3520,37.0695,37.0911,0.148
3521,37.0715,37.0912,0.067
3522,37.1165,37.1509,0.033
3523,37.1335,37.1414,0.039
3524,37.1365,37.1446,0.097
3525,37.1395,37.1708,0.032
3526,37.1555,37.1637,0.033
3527,37.1575,37.1684,0.055
3528,37.1875,37.1981,0.055
3529,37.1895,37.1976,0.058
3530,37.1895,37.2242,0.036
3531,37.1905,37.2266,0.032
3532,37.2495,37.2552,0.05
3533,37.2495,37.2852,0.035
3534,37.2515,37.2835,0.041
3535,37.2645,37.2758,0.141
3536,37.2675,37.3076,0.032
3537,37.2675,37.2748,0.035
3538,37.2685,37.3026,0.034
3539,37.2965,37.315,0.03
3540,37.3035,37.3459,0.03
3541,37.3115,37.3459,0.034
3542,37.3565,37.3914,0.035
3543,37.3805,37.4147,0.034
3544,37.3865,37.4064,0.04
3545,37.3865,37.4311,0.13
3546,37.3875,37.4048,0.03
3547,37.3875,37.4301,0.066
3548,37.3875,37.4112,0.145
3549,37.3885,37.4055,0.157
3550,37.3895,37.3991,0.032
3551,37.3925,37.4189,0.185
3552,37.3985,37.4271,0.069
3553,37.4095,37.4354,0.051
3554,37.4105,37.4276,0.243
3555,37.4115,37.4302,0.056
3556,37.4125,37.4511,0.056
3557,37.4145,37.4274,0.036
3558,37.4185,37.4371,0.092
3559,37.4215,37.4301,0.057
3560,37.4225,37.433,0.041
3561,37.4295,37.4674,0.121
3562,37.4325,37.4469,0.117
3563,37.4335,37.4445,0.071
3564,37.4385,37.4715,0.044
3565,37.4555,37.4918,0.031
3566,37.4665,37.4784,0.035
3567,37.4815,37.5128,0.033
3568,37.4975,37.5062,0.045
3569,37.5425,37.5502,0.034
3570,37.5435,37.5815,0.037
3571,37.5455,37.5772,0.03
3572,37.5465,37.5548,0.039
3573,37.5805,37.6225,0.038
3574,37.5825,37.6162,0.03
3575,37.5935,37.6028,0.036
3576,37.6265,37.6577,0.03
3577,37.6555,37.663,0.039
3578,37.6585,37.665,0.059
3579,37.6745,37.6863,0.045
3580,37.6765,37.7193,0.041
3581,37.6775,37.686,0.083
3582,37.6775,37.7163,0.033
3583,37.7335,37.7729,0.031
3584,37.7355,37.7426,0.037
3585,37.7515,37.7583,0.031
3586,37.7525,37.7952,0.043
3587,37.7535,37.7886,0.042
3588,37.7555,37.761,0.03
3589,37.7555,37.7619,0.037
3590,37.7705,37.8011,0.03
3591,37.7895,37.8319,0.044
3592,37.7895,37.8199,0.031
3593,37.8335,37.8524,0.312
3594,37.8335,37.8758,0.08
3595,37.8345,37.8578,0.077
3596,37.8345,37.8411,0.044
3597,37.8355,37.8619,0.204
3598,37.8355,37.8824,0.072
3599,37.8385,37.8688,0.102
3600,37.8425,37.8808,0.048
3601,37.8455,37.8621,0.034
3602,37.8455,37.8718,0.043
3603,37.8465,37.8566,0.088
3604,37.8515,37.8852,0.047
3605,37.8535,37.874,0.03
3606,37.8545,37.8731,0.065
3607,37.8565,37.8758,0.176
3608,37.8575,37.8926,0.045
3609,37.8575,37.8763,0.032
3610,37.8685,37.8763,0.102
3611,37.8685,37.8784,0.044
3612,37.8695,37.8855,0.105
3613,37.8775,37.9151,0.079
3614,37.8785,37.891,0.128
3615,37.8845,37.9184,0.034
3616,37.8855,37.8973,0.06
3617,37.9075,37.9184,0.031
3618,37.9125,37.9507,0.033
3619,37.9235,37.933,0.08
3620,37.9465,37.9801,0.031
3621,37.9615,37.9932,0.033
3622,37.9625,38.0048,0.034
3623,37.9715,38.0039,0.031
3624,37.9935,38.0082,0.034
3625,37.9935,38.0059,0.071
3626,37.9945,38.0273,0.032
3627,37.9985,38.0142,0.031
3628,38.0045,38.0386,0.031
3629,38.0105,38.0425,0.033
3630,38.0405,38.0733,0.03
3631,38.0675,38.1082,0.038
3632,38.0835,38.1221,0.032
3633,38.1045,38.1374,0.03
3634,38.1285,38.1597,0.033
3635,38.1345,38.1675,0.032
3636,38.1355,38.1765,0.04
3637,38.1435,38.1569,0.043
3638,38.1525,38.1592,0.034
3639,38.1535,38.1638,0.033
3640,38.1555,38.1659,0.037
3641,38.1565,38.1886,0.038
3642,38.1985,38.2369,0.031
3643,38.2005,38.2322,0.03
3644,38.2205,38.2527,0.037
3645,38.2205,38.2603,0.05
3646,38.2475,38.2603,0.112
3647,38.2605,38.2677,0.034
3648,38.2915,38.3329,0.033
3649,38.3005,38.3106,0.053
3650,38.3025,38.3112,0.056
3651,38.3495,38.3568,0.044
3652,38.3515,38.3837,0.035
3653,38.3695,38.3792,0.038
3654,38.3715,38.3794,0.034
3655,38.3905,38.4236,0.042
3656,38.3925,38.4004,0.031
3657,38.4095,38.4179,0.035
3658,38.4105,38.4496,0.031
3659,38.4325,38.4426,0.034
3660,38.4575,38.4879,0.033
3661,38.4765,38.4834,0.03
3662,38.4985,38.5089,0.048
3663,38.5135,38.5551,0.105
3664,38.5155,38.5398,0.31
3665,38.5165,38.5302,0.403
3666,38.5165,38.528,0.303
3667,38.5165,38.564,0.068
3668,38.5175,38.5454,0.224
3669,38.5205,38.535,0.068
3670,38.5315,38.5687,0.039
3671,38.5325,38.5469,0.037
3672,38.5375,38.5558,0.239
3673,38.5385,38.5599,0.03
3674,38.5395,38.5469,0.03
3675,38.5405,38.5786,0.1
3676,38.5425,38.5776,0.037
3677,38.5435,38.5553,0.037
3678,38.5475,38.5879,0.131
3679,38.5475,38.567,0.078
3680,38.5545,38.5637,0.065
3681,38.5555,38.565,0.035
3682,38.5625,38.6061,0.13
3683,38.5625,38.5756,0.144
3684,38.5635,38.6079,0.079
3685,38.5645,38.5799,0.136
3686,38.5705,38.5861,0.063
3687,38.5725,38.5779,0.033
3688,38.5745,38.5898,0.07
3689,38.5825,38.6029,0.062
3690,38.5855,38.5978,0.039
3691,38.5865,38.6222,0.033
3692,38.5875,38.6237,0.049
3693,38.5915,38.5968,0.041
3694,38.5915,38.6052,0.043
3695,38.5985,38.6059,0.04
3696,38.6105,38.6335,0.193
3697,38.6115,38.6463,0.035
3698,38.6145,38.6242,0.054
3699,38.6315,38.6375,0.048
3700,38.6405,38.6747,0.033
3701,38.6445,38.6664,0.072
3702,38.6465,38.6561,0.046
3703,38.6475,38.685,0.036
3704,38.6935,38.7091,0.394
3705,38.6935,38.7394,0.054
3706,38.6945,38.7392,0.116
3707,38.6945,38.718,0.101
3708,38.6955,38.7164,0.247
3709,38.6965,38.7216,0.041
3710,38.6975,38.7311,0.317
3711,38.7065,38.7188,0.053
3712,38.7065,38.7153,0.121
3713,38.7085,38.7451,0.054
3714,38.7195,38.7343,0.162
3715,38.7205,38.7384,0.048
3716,38.7265,38.7356,0.059
3717,38.7275,38.7671,0.037
3718,38.7275,38.7663,0.117
3719,38.7315,38.7506,0.075
3720,38.7315,38.7385,0.055
3721,38.7355,38.7449,0.047
3722,38.7365,38.7769,0.066
3723,38.7415,38.7824,0.065
3724,38.7445,38.7542,0.059
3725,38.7455,38.7594,0.044
3726,38.7505,38.7849,0.043
3727,38.7565,38.7761,0.039
3728,38.7585,38.7686,0.04
3729,38.7595,38.795,0.03
3730,38.7675,38.774,0.032
3731,38.7675,38.7781,0.033
3732,38.7835,38.7893,0.075
3733,38.7965,38.8086,0.051
3734,38.8245,38.8335,0.032
3735,38.8265,38.8688,0.047
3736,38.8295,38.8631,0.039
3737,38.8615,38.8948,0.039
3738,38.8655,38.8787,0.031
3739,38.8795,38.8873,0.03
3740,38.8795,38.912,0.035
3741,38.8805,38.8895,0.03
3742,38.9065,38.9412,0.048
3743,38.9135,38.9199,0.051
3744,38.9645,39.0053,0.037
3745,38.9945,39.0045,0.042
3746,38.9955,39.0048,0.046
3747,38.9955,39.0036,0.041
3748,39.0045,39.0459,0.039
3749,39.0165,39.0581,0.032
3750,39.0485,39.0806,0.03
3751,39.0515,39.0915,0.031
3752,39.0735,39.0829,0.097
3753,39.0745,39.0852,0.038
3754,39.0825,39.125,0.052
3755,39.1115,39.1461,0.035
3756,39.1305,39.14,0.032
3757,39.1335,39.1657,0.043
3758,39.1565,39.1914,0.038
3759,39.1665,39.19,0.038
3760,39.1675,39.2058,0.042
3761,39.1785,39.2204,0.052
3762,39.1785,39.1929,0.186
3763,39.1795,39.218,0.044
3764,39.1805,39.1981,0.11
3765,39.2065,39.2467,0.032
3766,39.2365,39.2791,0.033
3767,39.2525,39.2925,0.036
3768,39.2775,39.3161,0.032
3769,39.2775,39.3103,0.037
3770,39.2805,39.2917,0.045
3771,39.2945,39.3006,0.047
3772,39.2945,39.3019,0.032
3773,39.2965,39.3014,0.033
3774,39.2995,39.3337,0.053
3775,39.3005,39.3382,0.043
3776,39.3115,39.3218,0.039
3777,39.3275,39.3328,0.053
3778,39.3295,39.3412,0.167
3779,39.3305,39.3464,0.252
3780,39.3325,39.3671,0.054
3781,39.3995,39.4066,0.034
3782,39.4005,39.4446,0.044
3783,39.4005,39.41,0.056
3784,39.4235,39.4309,0.042
3785,39.4245,39.4557,0.033
3786,39.4425,39.4513,0.035
3787,39.4445,39.482,0.043
3788,39.4455,39.4869,0.035
3789,39.4475,39.4557,0.03
3790,39.4665,39.4755,0.033
3791,39.4725,39.5112,0.038
3792,39.4955,39.5324,0.045
3793,39.5025,39.5451,0.187
3794,39.5025,39.5167,0.343
3795,39.5035,39.5141,0.17
3796,39.5035,39.5512,0.047
3797,39.5045,39.5103,0.049
3798,39.5055,39.5281,0.257
3799,39.5085,39.5371,0.39
3800,39.5125,39.5275,0.105
3801,39.5145,39.5283,0.052
3802,39.5185,39.5302,0.058
3803,39.5195,39.5507,0.079
3804,39.5245,39.5415,0.123
3805,39.5275,39.5467,0.045
3806,39.5305,39.5665,0.032
3807,39.5355,39.5422,0.071
3808,39.5365,39.5441,0.054
3809,39.5365,39.5738,0.16
3810,39.5375,39.5461,0.063
3811,39.5375,39.5549,0.093
3812,39.5485,39.5612,0.057
3813,39.5495,39.5908,0.084
3814,39.5525,39.5599,0.077
3815,39.5575,39.5718,0.063
3816,39.5585,39.5669,0.057
3817,39.5595,39.596,0.03
3818,39.5605,39.568,0.061
3819,39.5895,39.5972,0.039
3820,39.5945,39.632,0.036
3821,39.5955,39.6282,0.03
3822,39.6035,39.6115,0.031
3823,39.6135,39.6243,0.07
3824,39.6145,39.6233,0.116
3825,39.6155,39.655,0.043
3826,39.6165,39.6494,0.039
3827,39.6435,39.6574,0.048
3828,39.6445,39.6589,0.04
3829,39.6615,39.6744,0.171
3830,39.6615,39.6782,0.394
3831,39.6625,39.7114,0.226
3832,39.6625,39.6843,0.319
3833,39.6635,39.7103,0.068
3834,39.6645,39.6943,0.4
3835,39.6835,39.7047,0.199
3836,39.6935,39.7328,0.063
3837,39.6965,39.7116,0.09
3838,39.6975,39.7061,0.036
3839,39.6975,39.7409,0.153
3840,39.7035,39.7136,0.039
3841,39.7065,39.7488,0.16
3842,39.7075,39.7186,0.043
3843,39.7095,39.7267,0.045
3844,39.7125,39.726,0.053
3845,39.7155,39.7255,0.061
3846,39.7165,39.7536,0.03
3847,39.7275,39.7422,0.084
3848,39.7295,39.7628,0.037
3849,39.7295,39.7699,0.037
3850,39.7515,39.7595,0.048
3851,39.7535,39.7633,0.034
3852,39.7725,39.8117,0.047
3853,39.7885,39.7988,0.047
3854,39.7895,39.8273,0.044
3855,39.7895,39.8012,0.071
3856,39.7895,39.8228,0.035
3857,39.7975,39.8273,0.03
3858,39.8025,39.8424,0.036
3859,39.8125,39.8243,0.056
3860,39.8135,39.8214,0.096
3861,39.8155,39.8468,0.045
3862,39.8165,39.8597,0.076
3863,39.8265,39.8363,0.034
3864,39.8595,39.869,0.032
3865,39.8645,39.898,0.031
3866,39.8885,39.8963,0.032
3867,39.9005,39.9103,0.035
3868,39.9275,39.9346,0.03
3869,39.9285,39.9711,0.03
3870,39.9355,39.9752,0.031
3871,39.9475,39.9892,0.034
3872,39.9485,39.9803,0.04
3873,39.9535,39.9619,0.032
3874,39.9595,39.967,0.032
3875,39.9655,39.9731,0.036
3876,39.9655,39.9977,0.041
3877,39.9655,40.0046,0.036
3878,39.9875,39.9972,0.043
3879,39.9905,40.0217,0.033
3880,40.0025,40.0435,0.033
3881,40.0195,40.0273,0.032
3882,40.0265,40.034,0.033
3883,40.0315,40.0393,0.047
3884,40.0345,40.0738,0.053
3885,40.0475,40.09,0.042
3886,40.0835,40.1163,0.031
3887,40.0925,40.126,0.03
3888,40.1025,40.112,0.033
3889,40.1155,40.124,0.03
3890,40.1175,40.1228,0.037
3891,40.1685,40.1761,0.049
3892,40.1825,40.1916,0.031
3893,40.2175,40.2501,0.034
3894,40.2275,40.2594,0.038
3895,40.2415,40.2467,0.061
3896,40.2565,40.2958,0.032
3897,40.2565,40.2882,0.041
3898,40.2825,40.3183,0.033
3899,40.2855,40.3177,0.033
3900,40.3215,40.3326,0.056
3901,40.3225,40.3316,0.152
3902,40.3235,40.3601,0.043
3903,40.3245,40.3547,0.039
3904,40.3365,40.3689,0.03
3905,40.3645,40.4024,0.033
3906,40.3655,40.3713,0.076
3907,40.3835,40.4258,0.054
3908,40.4015,40.4154,0.094
3909,40.4025,40.4117,0.154
3910,40.4045,40.4444,0.037
3911,40.4045,40.4391,0.043
3912,40.4565,40.4932,0.046
3913,40.4835,40.4895,0.069
3914,40.4925,40.5351,0.038
3915,40.5065,40.5143,0.033
3916,40.5275,40.5328,0.033
3917,40.5315,40.5723,0.055
3918,40.5325,40.5641,0.03
3919,40.5375,40.5505,0.044
3920,40.5655,40.5746,0.036
3921,40.5685,40.6074,0.035
3922,40.5955,40.6118,0.034
3923,40.6105,40.6505,0.039
3924,40.6265,40.669,0.107
3925,40.6295,40.6436,0.348
3926,40.6295,40.6496,0.304
3927,40.6295,40.6404,0.254
3928,40.6295,40.6815,0.051
3929,40.6335,40.6621,0.451
3930,40.6375,40.6514,0.06
3931,40.6385,40.6526,0.04
3932,40.6425,40.6549,0.06
3933,40.6435,40.6545,0.042
3934,40.6455,40.678,0.038
3935,40.6465,40.6814,0.037
3936,40.6535,40.6762,0.034
3937,40.6535,40.6711,0.132
3938,40.6545,40.6884,0.044
3939,40.6565,40.6646,0.043
3940,40.6625,40.6777,0.085
3941,40.6625,40.6702,0.04
3942,40.6645,40.6768,0.031
3943,40.6645,40.7074,0.131
3944,40.6645,40.6748,0.061
3945,40.6705,40.7071,0.047
3946,40.6765,40.7208,0.153
3947,40.6775,40.7242,0.048
3948,40.6775,40.6935,0.033
3949,40.6785,40.6925,0.046
3950,40.6795,40.6908,0.09
3951,40.6875,40.7024,0.052
3952,40.6965,40.7183,0.03
3953,40.7015,40.714,0.031
3954,40.7045,40.7223,0.047
3955,40.7075,40.7186,0.043
3956,40.7085,40.7416,0.03
3957,40.7105,40.7206,0.053
3958,40.7315,40.768,0.031
3959,40.7355,40.7489,0.057
3960,40.7385,40.7461,0.039
3961,40.7485,40.7855,0.032
3962,40.7525,40.768,0.088
3963,40.7525,40.7838,0.03
3964,40.7925,40.8278,0.03
3965,40.7985,40.845,0.129
3966,40.7985,40.8397,0.045
3967,40.7995,40.8151,0.116
3968,40.7995,40.8179,0.385
3969,40.8015,40.8247,0.129
3970,40.8025,40.8344,0.235
3971,40.8105,40.8215,0.036
3972,40.8105,40.8222,0.044
3973,40.8225,40.8402,0.144
3974,40.8235,40.8608,0.03
3975,40.8265,40.8386,0.051
3976,40.8275,40.8632,0.054
3977,40.8305,40.8546,0.043
3978,40.8325,40.8704,0.032
3979,40.8335,40.8493,0.123
3980,40.8335,40.8404,0.076
3981,40.8355,40.8727,0.063
3982,40.8455,40.8861,0.071
3983,40.8485,40.864,0.039
3984,40.8565,40.8661,0.047
3985,40.8575,40.8935,0.042
3986,40.8575,40.8664,0.059
3987,40.8655,40.8796,0.056
3988,40.8835,40.8906,0.054
3989,40.8845,40.893,0.043
3990,40.9015,40.9328,0.031
3991,40.9095,40.9225,0.06
3992,40.9105,40.924,0.163
3993,40.9115,40.9535,0.046
3994,40.9115,40.9441,0.035
3995,40.9495,40.9806,0.031
3996,40.9515,40.9673,0.065
3997,40.9515,40.9709,0.087
3998,40.9945,41.0031,0.033
3999,40.9975,41.0297,0.031
4000,41.0135,41.0257,0.085
4001,41.0205,41.0607,0.034
4002,41.0255,41.0563,0.033
4003,41.0465,41.0819,0.032
4004,41.0535,41.0643,0.059
4005,41.0585,41.0923,0.037
4006,41.0615,41.0724,0.047
4007,41.0635,41.0966,0.037
4008,41.0695,41.0787,0.03
4009,41.0885,41.1277,0.032
4010,41.0895,41.0956,0.038
4011,41.0905,41.098,0.04
4012,41.1105,41.1487,0.033
4013,41.1115,41.1444,0.031
4014,41.1165,41.1466,0.032
4015,41.1445,41.1873,0.072
4016,41.1465,41.1783,0.036
4017,41.1715,41.214,0.038
4018,41.1995,41.2064,0.03
4019,41.1995,41.2085,0.035
4020,41.2025,41.2099,0.032
4021,41.2075,41.2389,0.034
4022,41.2315,41.2685,0.033
4023,41.2335,41.2442,0.031
4024,41.2365,41.2725,0.033
4025,41.2545,41.2643,0.034
4026,41.2625,41.2775,0.037
4027,41.2755,41.3185,0.035
4028,41.2825,41.3177,0.054
4029,41.3005,41.3454,0.038
4030,41.3035,41.3174,0.239
4031,41.3055,41.3174,0.214
4032,41.3065,41.3166,0.036
4033,41.3065,41.3417,0.047
4034,41.3085,41.3252,0.046
4035,41.3095,41.3498,0.087
4036,41.3415,41.3529,0.032
4037,41.3475,41.3801,0.032
4038,41.3485,41.3586,0.033
4039,41.3485,41.3557,0.03
4040,41.3525,41.384,0.032
4041,41.3835,41.4249,0.039
4042,41.3835,41.4172,0.049
4043,41.4085,41.4482,0.031
4044,41.4085,41.4177,0.038
4045,41.4085,41.4152,0.044
4046,41.4105,41.4448,0.062
4047,41.4225,41.4523,0.039
4048,41.4225,41.4606,0.035
4049,41.4395,41.4475,0.045
4050,41.4415,41.4501,0.03
4051,41.4455,41.4795,0.035
4052,41.4785,41.5174,0.035
4053,41.4885,41.4998,0.059
4054,41.4945,41.5264,0.035
4055,41.4995,41.5049,0.062
4056,41.4995,41.5304,0.035
4057,41.5745,41.5835,0.033
4058,41.5895,41.6336,0.034
4059,41.6565,41.6664,0.03
4060,41.6775,41.7115,0.031
4061,41.6785,41.6881,0.064
4062,41.6815,41.7198,0.046
4063,41.6945,41.7329,0.03
4064,41.7085,41.7202,0.05
4065,41.7365,41.7827,0.042
4066,41.7365,41.7415,0.033
4067,41.7365,41.7428,0.053
4068,41.7375,41.7447,0.039
4069,41.7465,41.7901,0.042
4070,41.7465,41.7547,0.06
4071,41.7485,41.7831,0.031
4072,41.7495,41.7607,0.038
4073,41.7625,41.802,0.036
4074,41.8275,41.8357,0.03
4075,41.8305,41.8694,0.049
4076,41.8315,41.8664,0.032
4077,41.8375,41.8494,0.03
4078,41.8605,41.8921,0.033
4079,41.8705,41.913,0.036
4080,41.8725,41.8798,0.035
4081,41.8735,41.9068,0.031
4082,41.8905,41.9344,0.047
4083,41.9335,41.9463,0.108
4084,41.9425,41.9522,0.031
4085,41.9455,41.9758,0.031
4086,41.9515,41.9863,0.031
4087,41.9545,41.9998,0.115
4088,41.9585,41.9717,0.333
4089,41.9585,41.9765,0.432
4090,41.9595,41.9849,0.051
4091,41.9595,41.9767,0.234
4092,41.9605,42.0022,0.103
4093,41.9605,41.966,0.064
4094,41.9625,41.9918,0.241
4095,41.9685,41.9852,0.095
4096,41.9695,41.9903,0.072
4097,41.9715,41.9865,0.036
4098,41.9745,41.9867,0.143
4099,41.9815,42.0167,0.032
4100,41.9845,42.0069,0.05
4101,41.9845,42.0012,0.159
4102,41.9855,42.0037,0.036
4103,41.9885,42.0236,0.043
4104,41.9955,42.0182,0.069
4105,41.9975,42.0062,0.047
4106,41.9985,42.0079,0.042
4107,41.9995,42.0384,0.036
4108,42.0075,42.0514,0.057
4109,42.0075,42.0512,0.12
4110,42.0095,42.0243,0.054
4111,42.0155,42.03,0.088
4112,42.0185,42.0309,0.033
4113,42.0315,42.0634,0.032
4114,42.0405,42.0544,0.039
4115,42.0405,42.0605,0.089
4116,42.0425,42.0815,0.077
4117,42.0445,42.0563,0.19
4118,42.0445,42.0534,0.072
4119,42.0675,42.0758,0.071
4120,42.0835,42.1005,0.218
4121,42.0845,42.1233,0.04
4122,42.0875,42.1046,0.03
4123,42.1025,42.1158,0.173
4124,42.1035,42.1449,0.04
4125,42.1035,42.1225,0.323
4126,42.1045,42.1282,0.124
4127,42.1055,42.1128,0.041
4128,42.1065,42.1515,0.084
4129,42.1075,42.1405,0.287
4130,42.1145,42.1272,0.04
4131,42.1155,42.1272,0.06
4132,42.1245,42.1345,0.034
4133,42.1265,42.1426,0.105
4134,42.1285,42.1667,0.031
4135,42.1285,42.1671,0.083
4136,42.1295,42.1438,0.048
4137,42.1315,42.1397,0.058
4138,42.1345,42.1725,0.031
4139,42.1355,42.1433,0.091
4140,42.1355,42.1778,0.098
4141,42.1365,42.1507,0.119
4142,42.1425,42.1774,0.034
4143,42.1485,42.1625,0.053
4144,42.1485,42.1925,0.078
4145,42.1495,42.1598,0.066
4146,42.1635,42.174,0.032
4147,42.1915,42.2034,0.052
4148,42.1945,42.2011,0.035
4149,42.2035,42.2367,0.031
4150,42.2055,42.2177,0.03
4151,42.2235,42.2331,0.054
4152,42.2285,42.2611,0.042
4153,42.2315,42.2729,0.04
4154,42.2715,42.2812,0.038
4155,42.2795,42.3162,0.043
4156,42.2805,42.2867,0.037
4157,42.2815,42.2888,0.03
4158,42.2825,42.3175,0.036
4159,42.2955,42.3067,0.066
4160,42.3015,42.3322,0.03
4161,42.3035,42.312,0.034
4162,42.3385,42.3498,0.068
4163,42.3435,42.3776,0.035
4164,42.3635,42.3738,0.045
4165,42.3695,42.3777,0.059
4166,42.3715,42.409,0.045
4167,42.3715,42.4107,0.067
4168,42.3805,42.3895,0.033
4169,42.4215,42.4294,0.042
4170,42.4275,42.4334,0.041
4171,42.4285,42.4357,0.041
4172,42.4285,42.461,0.049
4173,42.4295,42.4341,0.064
4174,42.4925,42.5329,0.033
4175,42.5135,42.5498,0.034
4176,42.5195,42.5509,0.031
4177,42.5205,42.5274,0.04
4178,42.5205,42.5289,0.051
4179,42.5265,42.5331,0.032
4180,42.5675,42.6001,0.031
4181,42.5875,42.5956,0.034
4182,42.6235,42.6565,0.031
4183,42.6235,42.6305,0.032
4184,42.6245,42.6319,0.052
4185,42.6445,42.6821,0.072
4186,42.6485,42.6932,0.267
4187,42.6485,42.6636,0.353
4188,42.6485,42.6691,0.13
4189,42.6495,42.6598,0.065
4190,42.6505,42.6719,0.078
4191,42.6515,42.6579,0.031
4192,42.6595,42.6696,0.05
4193,42.6715,42.6825,0.053
4194,42.6725,42.705,0.033
4195,42.7115,42.7204,0.048
4196,42.7125,42.7184,0.051
4197,42.7165,42.7485,0.035
4198,42.7305,42.7421,0.047
4199,42.7315,42.7465,0.09
4200,42.7325,42.7639,0.036
4201,42.7445,42.753,0.033
4202,42.7575,42.79,0.051
4203,42.7925,42.8037,0.037
4204,42.7985,42.8085,0.032
4205,42.8185,42.8522,0.03
4206,42.8275,42.8676,0.036
4207,42.8405,42.874,0.032
4208,42.8615,42.9037,0.032
4209,42.8735,42.8789,0.031
4210,42.8735,42.9147,0.031
4211,42.8745,42.8819,0.057
4212,42.8745,42.8796,0.035
4213,42.8755,42.912,0.05
4214,42.9255,42.9637,0.031
4215,42.9255,42.9601,0.037
4216,42.9435,42.9746,0.042
4217,42.9435,42.985,0.055
4218,42.9885,43.0312,0.037
4219,42.9895,42.9955,0.034
4220,42.9905,43.024,0.036
4221,42.9925,42.9997,0.038
4222,42.9925,42.9989,0.038
4223,43.0085,43.0557,0.147
4224,43.0125,43.0542,0.049
4225,43.0125,43.0321,0.281
4226,43.0125,43.0299,0.045
4227,43.0135,43.0339,0.229
4228,43.0185,43.0508,0.215
4229,43.0245,43.0478,0.055
4230,43.0265,43.0427,0.035
4231,43.0275,43.0503,0.078
4232,43.0325,43.049,0.138
4233,43.0395,43.0555,0.137
4234,43.0415,43.0661,0.071
4235,43.0425,43.077,0.03
4236,43.0435,43.0556,0.038
4237,43.0515,43.0724,0.07
4238,43.0525,43.0598,0.075
4239,43.0585,43.0968,0.061
4240,43.0665,43.1083,0.031
4241,43.0695,43.0841,0.053
4242,43.0695,43.0797,0.122
4243,43.0745,43.1079,0.032
4244,43.0795,43.0853,0.047
4245,43.0795,43.0888,0.048
4246,43.0795,43.0912,0.049
4247,43.0835,43.1186,0.038
4248,43.0865,43.1129,0.115
4249,43.0885,43.0996,0.04
4250,43.0895,43.0997,0.032
4251,43.0965,43.1283,0.036
4252,43.0975,43.1393,0.05
4253,43.1055,43.1215,0.307
4254,43.1065,43.147,0.068
4255,43.1065,43.1201,0.062
4256,43.1095,43.1245,0.041
4257,43.1115,43.1447,0.052
4258,43.1125,43.135,0.082
4259,43.1315,43.1623,0.051
4260,43.1475,43.1587,0.044
4261,43.1625,43.1684,0.038
4262,43.1645,43.203,0.031
4263,43.1715,43.2109,0.034
4264,43.1715,43.2035,0.033
4265,43.1745,43.1835,0.034
4266,43.1745,43.1812,0.041
4267,43.1965,43.2023,0.051
4268,43.1975,43.2072,0.046
4269,43.1975,43.2377,0.031
4270,43.1985,43.2313,0.034
4271,43.2095,43.2484,0.038
4272,43.2355,43.242,0.045
4273,43.2455,43.2863,0.038
4274,43.2525,43.2865,0.031
4275,43.2715,43.3034,0.034
4276,43.2905,43.3117,0.034
4277,43.2955,43.3039,0.097
4278,43.3105,43.3177,0.036
4279,43.3235,43.3315,0.04
4280,43.3255,43.3591,0.03
4281,43.3345,43.3767,0.037
4282,43.3395,43.3499,0.031
4283,43.3665,43.4029,0.032
4284,43.3745,43.3894,0.363
4285,43.3745,43.4158,0.13
4286,43.3755,43.3878,0.127
4287,43.3765,43.4031,0.226
4288,43.3775,43.3939,0.053
4289,43.3785,43.4187,0.041
4290,43.3795,43.4103,0.268
4291,43.3855,43.3958,0.07
4292,43.3865,43.3995,0.073
4293,43.3875,43.4261,0.051
4294,43.3955,43.4119,0.17
4295,43.3975,43.4134,0.062
4296,43.3975,43.4041,0.036
4297,43.4005,43.4092,0.045
4298,43.4035,43.443,0.146
4299,43.4035,43.4193,0.078
4300,43.4045,43.4108,0.054
4301,43.4075,43.417,0.052
4302,43.4155,43.4589,0.109
4303,43.4165,43.4564,0.064
4304,43.4175,43.4311,0.043
4305,43.4195,43.4297,0.111
4306,43.4215,43.4309,0.041
4307,43.4505,43.4665,0.055
4308,43.4545,43.4641,0.085
4309,43.4585,43.4905,0.044
4310,43.4705,43.5013,0.03
4311,43.4795,43.487,0.044
4312,43.5015,43.5135,0.06
4313,43.5045,43.5121,0.046
4314,43.5065,43.5396,0.033
4315,43.5155,43.5563,0.033
4316,43.5275,43.5672,0.044
4317,43.5415,43.5799,0.042
4318,43.5445,43.5562,0.045
4319,43.5455,43.5771,0.033
4320,43.6035,43.6123,0.043
4321,43.6145,43.6568,0.033
4322,43.6175,43.6293,0.033
4323,43.6185,43.6524,0.03
4324,43.6295,43.641,0.037
4325,43.6315,43.6701,0.033
4326,43.6425,43.6532,0.032
4327,43.6455,43.6856,0.032
4328,43.6715,43.7077,0.03
4329,43.6755,43.6806,0.078
4330,43.6795,43.7113,0.03
4331,43.7145,43.7568,0.058
4332,43.7695,43.8117,0.032
4333,43.7735,43.8065,0.038
4334,43.7935,43.8342,0.036
4335,43.8125,43.8238,0.034
4336,43.8185,43.8539,0.033
4337,43.8245,43.8573,0.065
4338,43.8255,43.8402,0.077
4339,43.8275,43.8637,0.053
4340,43.8275,43.8412,0.047
4341,43.8425,43.8532,0.048
4342,43.8515,43.887,0.031
4343,43.8535,43.8868,0.032
4344,43.8785,43.9171,0.03
4345,43.8815,43.916,0.037
4346,43.8975,43.9445,0.146
4347,43.8985,43.9166,0.134
4348,43.8985,43.9373,0.057
4349,43.8995,43.9148,0.172
4350,43.9005,43.9168,0.04
4351,43.9845,43.9949,0.041
4352,43.9915,44.0251,0.07
4353,43.9965,44.006,0.067
4354,43.9995,44.0083,0.038
4355,44.0225,44.0333,0.032
4356,44.0255,44.0333,0.062
4357,44.0275,44.0599,0.033
4358,44.0475,44.0796,0.031
4359,44.0605,44.0715,0.063
4360,44.0625,44.0696,0.033
4361,44.1085,44.1552,0.075
4362,44.1095,44.1523,0.049
4363,44.1095,44.1309,0.232
4364,44.1095,44.1289,0.286
4365,44.1095,44.1282,0.089
4366,44.1105,44.117,0.034
4367,44.1145,44.1451,0.255
4368,44.1195,44.1386,0.063
4369,44.1215,44.1486,0.043
4370,44.1215,44.1362,0.033
4371,44.1235,44.1402,0.07
4372,44.1345,44.1524,0.128
4373,44.1395,44.151,0.038
4374,44.1405,44.1688,0.042
4375,44.1475,44.1549,0.1
4376,44.1475,44.1665,0.127
4377,44.1605,44.1687,0.03
4378,44.1615,44.2083,0.097
4379,44.1635,44.2063,0.054
4380,44.1655,44.1767,0.12
4381,44.1805,44.2114,0.032
4382,44.1815,44.1975,0.067
4383,44.1875,44.2049,0.031
4384,44.1895,44.2122,0.133
4385,44.1895,44.2209,0.034
4386,44.1905,44.2262,0.035
4387,44.1905,44.2019,0.132
4388,44.1925,44.2012,0.062
4389,44.1925,44.2089,0.031
4390,44.2015,44.2128,0.084
4391,44.2295,44.2388,0.031
4392,44.2345,44.2752,0.034
4393,44.2535,44.2968,0.031
4394,44.2545,44.2613,0.033
4395,44.2665,44.2741,0.048
4396,44.2975,44.3289,0.036
4397,44.3285,44.3385,0.064
4398,44.3305,44.3399,0.13
4399,44.3305,44.3709,0.04
4400,44.3325,44.3638,0.03
4401,44.3415,44.3608,0.031
4402,44.3445,44.3777,0.031
4403,44.3475,44.3555,0.033
4404,44.3485,44.3598,0.051
4405,44.3495,44.3586,0.032
4406,44.3555,44.3635,0.033
4407,44.3975,44.4317,0.032
4408,44.3975,44.4393,0.034
4409,44.4045,44.4156,0.03
4410,44.4435,44.4564,0.088
4411,44.4885,44.4947,0.035
4412,44.5465,44.5871,0.031
4413,44.5475,44.5554,0.032
4414,44.5975,44.6387,0.031
4415,44.6535,44.6964,0.064
4416,44.6535,44.6664,0.134
4417,44.6545,44.6701,0.36
4418,44.6565,44.7064,0.041
4419,44.6565,44.6701,0.041
4420,44.6575,44.663,0.06
4421,44.6575,44.6837,0.144
4422,44.6605,44.6901,0.411
4423,44.6645,44.6769,0.062
4424,44.6655,44.6823,0.058
4425,44.6655,44.6778,0.066
4426,44.6665,44.7073,0.067
4427,44.6695,44.6799,0.085
4428,44.6775,44.6947,0.14
4429,44.6795,44.6989,0.065
4430,44.6825,44.7174,0.121
4431,44.6865,44.694,0.047
4432,44.6875,44.6945,0.12
4433,44.6885,44.7002,0.18
4434,44.6975,44.7092,0.047
4435,44.6995,44.7401,0.082
4436,44.6995,44.7142,0.04
4437,44.7055,44.7147,0.04
4438,44.7055,44.7145,0.047
4439,44.7245,44.7636,0.032
4440,44.7315,44.7414,0.032
4441,44.7455,44.7594,0.042
4442,44.7635,44.7756,0.054
4443,44.7695,44.807,0.032
4444,44.7925,44.8226,0.031
4445,44.7935,44.8348,0.03
4446,44.8195,44.8277,0.063
4447,44.8275,44.8571,0.036
4448,44.8405,44.8499,0.042
4449,44.8485,44.8587,0.033
4450,44.8485,44.8811,0.036
4451,44.8575,44.8872,0.039
4452,44.8595,44.8964,0.03
4453,44.8805,44.8871,0.053
4454,44.8895,44.929,0.035
4455,44.8915,44.9263,0.034
4456,44.9055,44.9178,0.033
4457,44.9135,44.9446,0.034
4458,44.9545,44.9861,0.031
4459,44.9555,44.9655,0.031
4460,44.9965,45.0277,0.03
4461,45.0095,45.0199,0.03
4462,45.0135,45.0453,0.043
4463,45.0155,45.0599,0.045
4464,45.0495,45.0827,0.03
4465,45.0505,45.0883,0.042
4466,45.0525,45.0614,0.035
4467,45.0535,45.0619,0.03
4468,45.0735,45.1059,0.042
4469,45.0905,45.1017,0.049
4470,45.0955,45.1049,0.034
4471,45.1005,45.1079,0.032
4472,45.1015,45.1097,0.032
4473,45.1025,45.137,0.06
4474,45.1395,45.1763,0.033
4475,45.1405,45.1703,0.032
4476,45.1475,45.1761,0.032
4477,45.1535,45.1602,0.03
4478,45.1745,45.1813,0.033
4479,45.1795,45.2196,0.049
4480,45.1805,45.2131,0.045
4481,45.2125,45.2556,0.033
4482,45.2125,45.2449,0.034
4483,45.2385,45.2767,0.046
4484,45.2395,45.2726,0.059
4485,45.2675,45.3075,0.039
4486,45.2725,45.3011,0.031
4487,45.2835,45.2915,0.032
4488,45.2845,45.2915,0.053
4489,45.2895,45.3189,0.04
4490,45.3005,45.3116,0.035
4491,45.3275,45.3341,0.042
4492,45.3285,45.3627,0.038
4493,45.3335,45.3418,0.03
4494,45.3395,45.3769,0.032
4495,45.3485,45.3586,0.049
4496,45.3795,45.3856,0.031
4497,45.3795,45.3872,0.048
4498,45.3865,45.4289,0.053
4499,45.3875,45.4196,0.038
4500,45.4455,45.4588,0.058
4501,45.4475,45.4828,0.037
4502,45.4495,45.4611,0.083
4503,45.4695,45.5006,0.031
4504,45.5005,45.5428,0.033
4505,45.5015,45.537,0.036
4506,45.5345,45.5405,0.03
4507,45.5445,45.5507,0.041
4508,45.5495,45.5785,0.033
4509,45.5585,45.588,0.033
4510,45.5645,45.5944,0.032
4511,45.5795,45.6116,0.03
4512,45.5935,45.6358,0.032
4513,45.6295,45.6731,0.039
4514,45.6325,45.6662,0.033
4515,45.6715,45.7072,0.033
4516,45.6725,45.705,0.04
4517,45.6985,45.7306,0.037
4518,45.6995,45.7402,0.03
4519,45.7165,45.7226,0.03
4520,45.7215,45.7587,0.058
4521,45.7225,45.7388,0.054
4522,45.7235,45.7375,0.273
4523,45.7245,45.7392,0.122
4524,45.7245,45.7687,0.134
4525,45.7275,45.742,0.049
4526,45.7275,45.7637,0.057
4527,45.7445,45.7758,0.031
4528,45.7515,45.7912,0.035
4529,45.7525,45.7851,0.034
4530,45.7885,45.7991,0.034
4531,45.7915,45.8032,0.08
4532,45.7915,45.8248,0.033
4533,45.7925,45.8287,0.052
4534,45.8115,45.8419,0.033
4535,45.8405,45.8479,0.03
4536,45.8525,45.8973,0.089
4537,45.8555,45.8709,0.113
4538,45.8555,45.8735,0.409
4539,45.8565,45.9064,0.047
4540,45.8565,45.8838,0.175
4541,45.8585,45.8738,0.034
4542,45.8615,45.8869,0.273
4543,45.8645,45.878,0.079
4544,45.8655,45.8796,0.052
4545,45.8655,45.8835,0.065
4546,45.8705,45.8817,0.134
4547,45.8725,45.9025,0.088
4548,45.8725,45.8811,0.043
4549,45.8755,45.8862,0.066
4550,45.8765,45.8923,0.124
4551,45.8785,45.9104,0.092
4552,45.8795,45.8965,0.077
4553,45.8825,45.8916,0.069
4554,45.8865,45.8947,0.114
4555,45.8875,45.924,0.148
4556,45.8885,45.9006,0.121
4557,45.8975,45.915,0.04
4558,45.8985,45.9103,0.128
4559,45.8985,45.9116,0.101
4560,45.8985,45.938,0.11
4561,45.8995,45.9382,0.042
4562,45.9025,45.9135,0.105
4563,45.9115,45.9228,0.061
4564,45.9145,45.9267,0.032
4565,45.9385,45.9459,0.031
4566,45.9415,45.951,0.042
4567,45.9555,45.9704,0.051
4568,45.9605,45.9713,0.035
4569,45.9615,45.9935,0.043
4570,45.9625,46.0001,0.036
4571,45.9855,46.0269,0.045
4572,46.0005,46.0158,0.127
4573,46.0045,46.0439,0.07
4574,46.0065,46.0166,0.28
4575,46.0105,46.0434,0.052
4576,46.0785,46.1123,0.03
4577,46.0795,46.0934,0.061
4578,46.0865,46.1175,0.032
4579,46.1065,46.113,0.042
4580,46.1075,46.1146,0.038
4581,46.1155,46.1539,0.043
4582,46.1155,46.1475,0.041
4583,46.1335,46.1667,0.052
4584,46.1335,46.1409,0.033
4585,46.1515,46.1621,0.034
4586,46.1965,46.2124,0.339
4587,46.1975,46.2087,0.299
4588,46.1995,46.2359,0.042
4589,46.1995,46.2322,0.054
4590,46.2405,46.2814,0.038
4591,46.2695,46.3068,0.039
4592,46.2795,46.3109,0.035
4593,46.2795,46.2914,0.056
4594,46.2875,46.3038,0.263
4595,46.2885,46.3038,0.106
4596,46.2895,46.322,0.044
4597,46.2915,46.3347,0.066
4598,46.2995,46.3351,0.04
4599,46.3105,46.3491,0.031
4600,46.3545,46.361,0.031
4601,46.3565,46.3985,0.05
4602,46.3565,46.3892,0.04
4603,46.3775,46.3848,0.035
4604,46.3785,46.42,0.033
4605,46.4005,46.4075,0.038
4606,46.4015,46.4209,0.228
4607,46.4035,46.4175,0.065
4608,46.4035,46.4483,0.04
4609,46.4035,46.4276,0.199
4610,46.4045,46.4509,0.085
4611,46.4075,46.4357,0.114
4612,46.4115,46.4313,0.097
4613,46.4125,46.4523,0.045
4614,46.4155,46.432,0.034
4615,46.4175,46.4304,0.104
4616,46.4235,46.462,0.038
4617,46.4255,46.444,0.11
4618,46.4255,46.445,0.161
4619,46.4295,46.4455,0.035
4620,46.4345,46.4701,0.056
4621,46.4345,46.4546,0.064
4622,46.4385,46.4479,0.039
4623,46.4395,46.4733,0.053
4624,46.4455,46.4667,0.036
4625,46.4495,46.4946,0.089
4626,46.4515,46.4609,0.043
4627,46.4525,46.4641,0.046
4628,46.4585,46.4945,0.033
4629,46.4595,46.4681,0.061
4630,46.4845,46.517,0.037
4631,46.4865,46.5,0.042
4632,46.4865,46.5044,0.098
4633,46.4895,46.5044,0.199
4634,46.4905,46.5352,0.086
4635,46.4945,46.5068,0.072
4636,46.4995,46.506,0.076
4637,46.5005,46.5094,0.058
4638,46.5055,46.54,0.058
4639,46.5095,46.5306,0.065
4640,46.5105,46.5484,0.054
4641,46.5115,46.5249,0.064
4642,46.5285,46.5402,0.031
4643,46.5325,46.5741,0.059
4644,46.5345,46.544,0.048
4645,46.5465,46.5801,0.034
4646,46.5715,46.5812,0.033
4647,46.5775,46.5898,0.046
4648,46.5885,46.6274,0.032
4649,46.6625,46.696,0.041
4650,46.6685,46.685,0.063
4651,46.6945,46.7011,0.034
4652,46.7065,46.7132,0.034
4653,46.7105,46.74,0.031
4654,46.7275,46.7688,0.031
4655,46.7335,46.7634,0.031
4656,46.7365,46.7794,0.033
4657,46.7485,46.7552,0.031
4658,46.7585,46.7993,0.03
4659,46.7655,46.7964,0.031
4660,46.7855,46.7921,0.063
4661,46.8315,46.8666,0.043
4662,46.8795,46.92,0.039
4663,46.8865,46.9205,0.035
4664,46.8975,46.9091,0.03
4665,46.9235,46.9347,0.038
4666,46.9445,46.9761,0.031
4667,46.9515,46.9822,0.031
4668,46.9595,46.9692,0.056
4669,46.9605,46.9717,0.036
4670,46.9725,47.0103,0.034
4671,46.9745,47.0084,0.04
4672,46.9835,47.0233,0.037
4673,47.0615,47.0777,0.462
4674,47.0625,47.079,0.037
4675,47.0625,47.1055,0.171
4676,47.0635,47.1144,0.068
4677,47.0635,47.084,0.233
4678,47.0645,47.0986,0.43
4679,47.0645,47.0815,0.07
4680,47.0655,47.0936,0.034
4681,47.0715,47.0842,0.073
4682,47.0735,47.0843,0.075
4683,47.0745,47.0867,0.101
4684,47.0775,47.1107,0.128
4685,47.0805,47.0893,0.081
4686,47.0815,47.0968,0.114
4687,47.0835,47.102,0.084
4688,47.0905,47.127,0.155
4689,47.0915,47.099,0.075
4690,47.0915,47.1074,0.097
4691,47.1025,47.1415,0.107
4692,47.1045,47.1417,0.041
4693,47.1045,47.1171,0.063
4694,47.1075,47.1199,0.073
4695,47.1105,47.121,0.121
4696,47.1295,47.1671,0.031
4697,47.1325,47.1433,0.036
4698,47.1325,47.1634,0.034
4699,47.1385,47.1449,0.061
4700,47.1595,47.1735,0.043
4701,47.1605,47.1763,0.132
4702,47.1665,47.207,0.044
4703,47.1685,47.2017,0.041
4704,47.1885,47.2,0.063
4705,47.1895,47.225,0.055
4706,47.1895,47.201,0.207
4707,47.1915,47.2255,0.046
4708,47.2095,47.2168,0.052
4709,47.2095,47.219,0.041
4710,47.2105,47.2431,0.048
4711,47.2105,47.2467,0.061
4712,47.2365,47.2757,0.032
4713,47.2385,47.2695,0.03
4714,47.2425,47.2836,0.033
4715,47.2765,47.2871,0.032
4716,47.2785,47.2891,0.083
4717,47.2795,47.3142,0.044
4718,47.2925,47.3321,0.039
4719,47.3265,47.3681,0.032
4720,47.3645,47.3774,0.04
4721,47.3785,47.3886,0.041
4722,47.3815,47.4129,0.04
4723,47.4145,47.4294,0.208
4724,47.4145,47.4282,0.289
4725,47.4155,47.4256,0.166
4726,47.4165,47.4625,0.09
4727,47.4185,47.4544,0.043
4728,47.4275,47.4351,0.034
4729,47.4315,47.462,0.032
4730,47.4315,47.469,0.032
4731,47.4645,47.4752,0.03
4732,47.4875,47.4964,0.039
4733,47.4935,47.5038,0.033
4734,47.4985,47.5413,0.037
4735,47.5135,47.521,0.042
4736,47.5205,47.5532,0.03
4737,47.5655,47.5777,0.055
4738,47.5765,47.6076,0.03
4739,47.6155,47.6505,0.038
4740,47.6405,47.6806,0.034
4741,47.6895,47.7001,0.034
4742,47.6925,47.7,0.039
4743,47.6945,47.734,0.039
4744,47.6955,47.7272,0.043
4745,47.7135,47.7525,0.031
4746,47.7305,47.7415,0.036
4747,47.7315,47.738,0.074
4748,47.7345,47.768,0.037
4749,47.7555,47.7662,0.031
4750,47.8035,47.8387,0.033
4751,47.8195,47.8507,0.031
4752,47.8195,47.8269,0.034
4753,47.8375,47.8478,0.046
4754,47.8385,47.8709,0.035
4755,47.8685,47.9025,0.031
4756,47.8755,47.882,0.049
4757,47.8975,47.9385,0.07
4758,47.9045,47.9142,0.052
4759,47.9465,47.9886,0.038
4760,47.9475,47.9538,0.054
4761,47.9555,47.9925,0.034
4762,47.9675,48.0003,0.033
4763,47.9715,47.9824,0.046
4764,47.9735,47.9811,0.058
4765,47.9965,48.0371,0.031
4766,48.0245,48.0662,0.038
4767,48.0245,48.0477,0.13
4768,48.0515,48.0625,0.032
4769,48.0525,48.0895,0.03
4770,48.0665,48.0741,0.04
4771,48.0675,48.1013,0.038
4772,48.0675,48.1085,0.05
4773,48.0885,48.1023,0.053
4774,48.0905,48.1331,0.038
4775,48.0905,48.0997,0.069
4776,48.0945,48.1289,0.036
4777,48.1525,48.1605,0.035
4778,48.1735,48.2155,0.071
4779,48.1755,48.1909,0.161
4780,48.1765,48.2002,0.211
4781,48.1765,48.191,0.344
4782,48.1825,48.2053,0.346
4783,48.1855,48.1987,0.071
4784,48.1875,48.2283,0.035
4785,48.1885,48.2009,0.084
4786,48.1935,48.2043,0.061
4787,48.1945,48.2114,0.083
4788,48.1975,48.2152,0.075
4789,48.2035,48.2393,0.141
4790,48.2035,48.2164,0.142
4791,48.2035,48.209,0.074
4792,48.2035,48.2116,0.064
4793,48.2045,48.2164,0.041
4794,48.2075,48.2413,0.032
4795,48.2115,48.2237,0.149
4796,48.2125,48.2489,0.111
4797,48.2135,48.2256,0.049
4798,48.2145,48.2264,0.053
4799,48.2175,48.2271,0.067
4800,48.2435,48.2794,0.046
4801,48.2465,48.2606,0.133
4802,48.2465,48.2666,0.055
4803,48.2475,48.2785,0.033
4804,48.2485,48.2539,0.045
4805,48.2765,48.3182,0.042
4806,48.2845,48.295,0.054
4807,48.2865,48.2932,0.041
4808,48.2875,48.3269,0.042
4809,48.2885,48.32,0.032
4810,48.3265,48.3398,0.042
4811,48.3275,48.3635,0.043
4812,48.3295,48.3642,0.037
4813,48.3395,48.3752,0.03
4814,48.3455,48.3565,0.074
4815,48.3475,48.3542,0.031
4816,48.3495,48.3882,0.056
4817,48.3875,48.3955,0.039
4818,48.4015,48.4374,0.043
4819,48.4035,48.4367,0.034
4820,48.4275,48.444,0.388
4821,48.4275,48.4709,0.176
4822,48.4285,48.4378,0.126
4823,48.4285,48.4738,0.07
4824,48.4305,48.4506,0.319
4825,48.4325,48.463,0.289
4826,48.4395,48.4513,0.042
4827,48.4405,48.453,0.047
4828,48.4475,48.4802,0.041
4829,48.4535,48.4709,0.194
4830,48.4545,48.462,0.036
4831,48.4555,48.4687,0.032
4832,48.4575,48.4939,0.045
4833,48.4585,48.4944,0.078
4834,48.4595,48.475,0.031
4835,48.4615,48.4809,0.069
4836,48.4645,48.504,0.094
4837,48.4645,48.4748,0.042
4838,48.4675,48.477,0.032
4839,48.4675,48.5041,0.051
4840,48.4735,48.5174,0.116
4841,48.4745,48.4832,0.045
4842,48.4745,48.4899,0.054
4843,48.4755,48.5201,0.044
4844,48.4765,48.4925,0.052
4845,48.4845,48.5006,0.034
4846,48.4845,48.4969,0.038
4847,48.4855,48.4918,0.048
4848,48.4965,48.5107,0.045
4849,48.5055,48.544,0.034
4850,48.5065,48.5288,0.121
4851,48.5065,48.5189,0.033
4852,48.5135,48.5269,0.108
4853,48.5155,48.5477,0.033
4854,48.5205,48.5393,0.03
4855,48.5295,48.5521,0.03
4856,48.5315,48.5414,0.049
4857,48.5315,48.5713,0.039
4858,48.5315,48.5674,0.041
4859,48.5415,48.5505,0.03
4860,48.5445,48.5499,0.076
4861,48.5515,48.5952,0.046
4862,48.5545,48.5907,0.059
4863,48.5555,48.564,0.036
4864,48.5955,48.6377,0.034
4865,48.5965,48.6297,0.032
4866,48.6295,48.6638,0.045
4867,48.6305,48.672,0.042
4868,48.6325,48.64,0.038
4869,48.6475,48.6587,0.031
4870,48.6675,48.7101,0.032
4871,48.6705,48.6851,0.045
4872,48.6795,48.7111,0.038
4873,48.6795,48.72,0.037
4874,48.7005,48.7327,0.033
4875,48.7005,48.7132,0.04
4876,48.7095,48.7191,0.032
4877,48.7735,48.807,0.038
4878,48.7905,48.8015,0.057
4879,48.8185,48.8294,0.037
4880,48.8195,48.8281,0.032
4881,48.8775,48.8866,0.031
4882,48.8805,48.9201,0.03
4883,48.9085,48.943,0.034
4884,48.9105,48.9397,0.034
4885,48.9135,48.9253,0.035
4886,48.9175,48.9295,0.036
4887,48.9315,48.9699,0.05
4888,48.9365,48.9439,0.044
4889,48.9385,48.9726,0.041
4890,48.9485,48.9776,0.046
4891,48.9485,48.9849,0.037
4892,48.9505,48.9678,0.13
4893,48.9615,48.972,0.117
4894,48.9635,48.9706,0.075
4895,48.9645,49.0033,0.071
4896,48.9665,48.9998,0.03
4897,49.0055,49.0227,0.325
4898,49.0055,49.0491,0.29
4899,49.0075,49.0271,0.076
4900,49.0075,49.0274,0.267
4901,49.0085,49.0148,0.043
4902,49.0085,49.0507,0.091
4903,49.0095,49.0191,0.06
4904,49.0175,49.0455,0.046
4905,49.0605,49.0677,0.034
4906,49.0695,49.0766,0.037
4907,49.0855,49.1254,0.037
4908,49.1015,49.108,0.031
4909,49.1935,49.2042,0.04
4910,49.1955,49.2373,0.045
4911,49.1955,49.2285,0.039
4912,49.2245,49.2641,0.03
4913,49.2265,49.234,0.032
4914,49.2285,49.2351,0.037
4915,49.2325,49.2676,0.035
4916,49.2395,49.2737,0.035
4917,49.2495,49.2811,0.031
4918,49.2555,49.2897,0.043
4919,49.2945,49.3101,0.442
4920,49.2945,49.3172,0.159
4921,49.2955,49.3063,0.038
4922,49.2955,49.3396,0.123
4923,49.2955,49.3453,0.042
4924,49.2955,49.3109,0.037
4925,49.2965,49.3249,0.033
4926,49.2975,49.331,0.379
4927,49.3065,49.3303,0.03
4928,49.3085,49.3185,0.121
4929,49.3095,49.3196,0.1
4930,49.3105,49.3433,0.101
4931,49.3105,49.3248,0.069
4932,49.3165,49.3271,0.091
4933,49.3165,49.3252,0.109
4934,49.3175,49.3534,0.182
4935,49.3175,49.3316,0.08
4936,49.3185,49.324,0.064
4937,49.3225,49.3594,0.03
4938,49.3255,49.3453,0.061
4939,49.3265,49.3375,0.134
4940,49.3285,49.3427,0.031
4941,49.3285,49.34,0.064
4942,49.3505,49.3564,0.036
4943,49.3555,49.3652,0.04
4944,49.3565,49.3949,0.049
4945,49.3575,49.3643,0.034
4946,49.3595,49.394,0.033
4947,49.3875,49.3957,0.037
4948,49.3925,49.405,0.031
4949,49.3995,49.4311,0.037
4950,49.3995,49.4132,0.048
4951,49.4005,49.4145,0.038
4952,49.4045,49.443,0.039
4953,49.4355,49.4485,0.099
4954,49.4365,49.4462,0.05
4955,49.4375,49.4696,0.034
4956,49.4375,49.4795,0.038
4957,49.4695,49.4772,0.03
4958,49.4785,49.5103,0.038
4959,49.4815,49.5171,0.032
4960,49.4865,49.4952,0.031
4961,49.5315,49.5647,0.031
4962,49.5475,49.5542,0.034
4963,49.5485,49.5904,0.041
4964,49.5495,49.5568,0.032
4965,49.5505,49.5821,0.033
4966,49.5565,49.5649,0.041
4967,49.5585,49.5642,0.055
4968,49.5595,49.5991,0.061
4969,49.5605,49.5936,0.038
4970,49.6185,49.6285,0.034
4971,49.6275,49.6701,0.036
4972,49.6505,49.6817,0.031
4973,49.6545,49.662,0.037
4974,49.6985,49.7391,0.032
4975,49.6985,49.7062,0.032
4976,49.6985,49.7052,0.035
4977,49.6995,49.7322,0.03
4978,49.7075,49.7389,0.034
4979,49.7405,49.7459,0.062
4980,49.7425,49.7749,0.041
4981,49.7665,49.7744,0.03
4982,49.7865,49.827,0.041
4983,49.8005,49.8107,0.047
4984,49.8355,49.8672,0.032
4985,49.8575,49.8671,0.04
4986,49.8595,49.8969,0.057
4987,49.8805,49.9136,0.032
4988,49.8825,49.8901,0.031
4989,49.8995,49.9429,0.042
4990,49.9025,49.9108,0.03
4991,49.9695,49.9795,0.035
4992,49.9935,50.0018,0.045
4993,49.9985,50.0032,0.046
4994,49.9985,50.0029,0.117
4995,50.0025,50.0309,0.067
4996,50.0065,50.0132,0.03
4997,50.0145,50.0458,0.036
4998,50.0155,50.0227,0.067
4999,50.0165,50.0275,0.063
5000,50.0165,50.0361,0.041
